206 217
1 2 164
136 158
199 214
6 48
149 180 197
129 135 146 195
46 101 227
45 55 111
111 222
9 211
36 48
55 61
127 166
29 52 106
136 171
29 45
48 58
23 230
102 133 137
84 102
137 214 220
1 67
48 83 103
108 177 199
108 166
16 56 166
11 233
99 117
143 144 150
36 59 172
2 184
103 236
101 126
87 228
96 233
112 177
57 241
1 87 89
1 80
87 120
45 123
31 188
58 62
149 180
66 182
76 95 114 161
123 144 162
72 192 193
27 37 59
39 40 52
73 77
31 80
75 123
135 137
33 126
166 186 192
91 104 171
58 75
9 125 141
94 117 199
63 126
109 242
40 142
144 199
80 214
93 153
32 61 126 144
86 205 214
166 167 192
13 15 119 167
56 207
87 102 231
42 80
148 210
46 199
74 106 109
43 44 182
8 138 153
48 61 144
28 37
16 148
90 97
34 48 51
65 102 158
212 216 226
59 62 181
56 220
23 43
34 60 61
5 174
60 110
76 84 95
164 167
33 89 92
62 156
37 99
138 151
9 31 101
201 207
60 231
99 159
81 121 157
219 224
222 229
139 231
231 234
50 159
1 174 194
14 67 80
150 214 226
215 226
163 173 199 200
173 229
131 232
2 118
84 157
64 178
50 51
17 103
108 221
8 54
25 223
99 172
134 145 157
43 240
63 110 152
161 232
1 14
10 70 157
45 57
105 108
50 172
196 226
10 124 134
77 105 113
120 141 147
131 143 150
119 127
45 173 184
33 82 84 171
52 73
79 85 168
39 40 107
54 119
174 184
12 122
3 73
73 106 242
94 191
39 74 105
154 242
119 207 224
33 181
170 186
9 120 145
1 148
188 240
19 72 179
3 194
204 207 223
111 205 222
181 200
132 208 211 223
7 20
127 150 151
63 73
67 192
86 205
125 133
89 210
61 148
102 149
93 100
32 90
43 220 234
123 208
14 157
148 157
151 162
211 213
65 205 220
84 98 171 172
134 195
3 184 194
125 146
39 106
111 211
146 205
215 220 223
35 108
81 224
34 149
97 168
39 67 148
9 92
14 170
41 44
118 227
18 26 183
30 114
29 155
90 153 238
123 230 242
52 53 154
118 119
28 35 50
2 173
90 104 238
63 179 186
79 85 89
92 103
6 63
157 158 207
78 168
97 181
144 156 210
3 194 198
27 122
173 176
118 240
11 114
41 69 120
16 229
43 66
84 104
41 46 136
103 117
235 236
50 227
140 158 207
209 220
55 111 217
53 86 132
2 5 191
27 37 48
101 128
1 190
91 120
38 230
78 123 138
23 167 170
5 184 194
3 128
201 204 208
74 109 154
66 184
98 136
43 200
84 238
170 241
63 115
39 40 54
100 182
17 184
204 239
148 163 173
79 84 92
24 87 123
186 193 198
33 128
52 141
101 140 141
213 214 217
73 200
6 76 233
201 204 221
32 51 75
19 85
63 128
202 206
2 56 118
137 198
13 176 200
70 144
23 32
3 45 198
102 136 210
5 163
32 37
9 140 141
123 155
16 29
81 158
125 201
138 140
87 102 125
148 169 179
118 161
90 99
65 84 106
89 101 157
136 215
134 142
39 53
23 45
59 120 124
60 112
20 21 96
125 214
55 118
41 220
201 209
118 174
16 163
2 228
136 140 146
136 228
222 231
1 3
45 46
50 161
69 174
27 177
173 231
25 104
34 103 123
84 159
18 25 26
122 185
29 223
108 223
2 3 200
99 174
20 63 87 233
117 228
2 5 17
18 185
133 172
23 128 149
1 177 184
8 177
16 68 169
55 69 167
170 175
73 242
105 231
17 118
77 132
60 75 236
182 185
33 62
31 71 163
10 134 157
25 31 186
42 80 199
59 236
18 198
174 186
177 191
18 186 199
176 232
135 140 145
10 199
216 217 221
147 204
222 223 234
89 199
165 194
32 79
51 92
101 209
35 84
107 145
208 220 226
101 137 140
109 191
1 2 34
86 207
70 199
90 100 159
18 57 182
102 151
138 180 197
63 95 114
19 153
3 17 191
8 80 221 227
137 145
8 76 150
95 148
54 108 211
72 164
23 128 138 197
3 188 194
32 37 100
102 136 157
18 45 185
16 205
95 114 173
49 153
73 74 106
81 105
207 222 224
153 210
16 17 31
48 157
20 95
39 108
23 100
19 66 69
206 221
17 166 200 223
117 149
48 49
120 154
20 76 87
157 221
46 182 183
55 173
8 98
118 229
84 93
118 166 170
78 103 172
23 113
17 39
108 157
41 167
2 175
105 109 155
18 25 81
120 167
184 186 231
6 65
64 235
55 186
8 111
217 221
29 170
99 117 149 153
133 227
41 43 69
3 117
97 171 172
108 170
11 237
25 31 120
54 55
18 132
75 114
80 192
121 230
10 54 111 211
109 112
83 89 100
73 189
31 192
17 191 240
149 184
7 11 117
126 200
24 189
1 205
51 60 181
119 197
163 240
42 179
176 179
63 95 156
179 184
31 205
149 197
190 198
3 4 186
234 241
46 190
104 131
68 208
16 18
202 208
144 203
16 118 192
176 192
166 174 199
137 200
134 142 147
102 140 210
34 58 235
123 138 162
63 95 173 199
167 173 179 199
50 84 153
70 146
9 136
28 149
164 170 177
148 214
72 179 190
123 157
10 133 134
167 170 174
50 98 172
108 166 174
97 104
23 138 197
23 50 84
153 157
69 70 114
83 98
58 60 236
145 158
103 161
20 63 95
18 42 184
185 230
1 127 231
41 222
27 58
25 214
118 176
11 50
15 169
63 173 199
55 241
3 51
25 106
38 45
115 228
15 61
164 188 193
1 166 199
207 231
45 169
128 131 143
16 33 56
128 150 156
210 236
22 185
1 80 132
98 180
1 18
127 144 149
133 174
78 238
45 61
91 177
196 230
94 182
24 123
9 120 136
170 177
128 180
40 67
105 233
9 141 195
61 126
45 65 66
66 241
181 191
33 64
73 136
177 193
61 120 126
135 140 147
144 197 230
30 86 217
25 163 199
205 208 217
47 204
208 216 217
212 219 220
40 201
114 150
119 166 173
9 70
14 148
32 37 89
148 160 174
60 163
170 173 199
141 145
153 199
20 84
68 173 200
9 191
131 144 230
24 95 138
213 220 223
16 86
95 150
139 156
39 218
199 207
218 220
6 41
157 210
207 213 221
125 145 146
10 24 138
30 105
24 144 151
23 102
206 223
25 148
16 73 86
34 51 236
34 153
120 156
6 54
78 159
97 172
86 132 242
84 95
106 113
69 231
143 180
8 221
81 130 157
187 223
32 89 103
2 177
117 164
87 221
20 231
161 170
57 177 182
78 98 180
18 121
78 172
119 173
32 82 100
41 65 234
94 116
33 100 178
99 231
52 119
57 234
1 73
143 151 196
105 167
50 231
14 134 142
149 173
8 234
209 224
228 237
52 240
167 227
186 240
79 114
36 84 171
87 234
205 226
119 186
31 73
17 175
3 240
72 166 170
61 181
10 135
115 188
51 60 62
40 205 214 221
29 132 209 218
121 124
84 159 171
80 86
83 100 153
10 101 158
21 122
167 173 192
30 74 154
102 120 136
80 207
198 199
105 112 242
78 87 138
25 102 136
190 200
15 167 170
46 192
13 15
10 82 158
204 208 224
61 85 92
40 148
3 184 240
27 34
30 39
49 89
18 108 177
111 149
43 125 140
28 151
113 195
5 167
132 208
8 24 138
16 33
37 92
78 93
23 157
138 144
118 165
16 154
2 219
71 90
48 98 153
134 146
92 149
212 214
27 168
132 221
30 173
81 157 224
2 111
18 55
34 36 60
108 214
123 126 180
29 106
3 173 198
73 112
6 122
34 36 181
212 227
110 179
85 89 236
10 136 137
105 222
3 174
108 227
31 41 46
52 66
1 184 191
34 50 92
174 177
12 115
211 223 234
177 182
75 171
94 184
10 146 158
1 16 17 148
167 174
186 187
24 125
68 131
45 184
163 176
39 154 242
51 83
29 30 74
177 186 231
95 126
91 104 111
158 182
68 160 166
75 184
116 185
45 65 189
93 201
58 136
15 16 56
201 217 219
165 198
32 83
35 88
102 140 146
114 152
53 142
158 195
67 119 167
116 198
129 137
79 97 103
15 119 167 170
151 155
49 144
150 196
26 160
204 207 208 218
102 155
143 156
14 42
146 198
206 212
54 73 221
76 102
108 148 177
34 142
53 155
81 101 105
97 161
3 54 198
132 155
58 60 172
25 29
35 222
76 223
48 161
71 184 186
23 104
6 95 237
40 112 214
57 102
2 166
29 40
5 71 176
78 161
202 209 213
55 177
119 193 240
30 120
57 223
84 97
23 24 138
87 102
43 46 157
164 167 191
66 164
11 228
29 107 242
30 241
62 64 181
10 101 157 158
161 172
10 158 210
205 215
14 15 72
36 177
182 231
140 234
4 184 188 194
216 229
1 75
87 115
45 118
105 169
163 174 176
3 121
8 236
209 226
10 140 142 157
67 174 199
66 177
55 111 223
19 65
76 95 114 156
24 180
84 231
73 107 111
119 188
29 39 242
148 163 166
121 234
52 134
10 137
155 232
166 167 174
40 205 214 223
86 132
70 124
61 75
4 17 177
68 199
73 74 107 112
22 114 117
42 183
135 145
55 78 180
33 134
46 73
5 35
119 177 184 231
25 120 192
9 127
148 205
123 131 150
15 166 176
102 210
9 19
76 95 128
30 41
90 92
45 144 149
7 94
134 135
41 46 50
179 192 205
20 33
18 167 234
83 89
28 153
24 123 149
132 210
74 86 108
25 157 208
63 96 115
27 61 90
166 208
95 102 114
124 145 146 195
3 136 184
201 202
8 36
27 49
11 41
3 190 191
34 48 59
57 157
2 221
32 61 85
81 124 157
136 221
222 224
34 210
92 151
18 148 234
212 216
23 87 128
69 167
55 232
215 221
8 157
16 70 222
8 23 87 125
66 98
71 213
6 190 192
106 170
87 157
166 221
105 211
124 224
24 150 157
8 49
25 218
99 167
62 64 236
203 224
29 108
15 173
129 204 208
100 143 153
40 205 217
17 219
196 221
50 62 64
112 227
43 127
101 120 234
105 224
58 112
108 229
149 230
25 57 232
66 232
144 180 197
15 186
13 163 175
1 177 190
177 184
79 103 153
167 176
48 85 89 158
16 67 179
201 202 223
8 20 114
191 240
55 103 138 197
68 72 163
102 125 150
79 184
165 187
36 48 59
10 84
37 48 83
183 241
54 127
40 192
158 184
56 136
75 186
15 169 179
19 25
5 90
65 141
49 133
9 145 146
128 197
86 200
60 147
121 125 133
24 31 144
35 90
40 205
25 30 209
39 209
80 190 240
5 103
2 34
67 200
9 195
102 157
204 213 224
206 214
108 167 192
199 211
177 183 190
150 156 214
43 45 66
118 222
11 96
30 109
16 211
76 225
10 81 124
134 203
20 101
47 80 193
59 101 172
64 107
124 158
50 58 172
206 227
34 103 171
76 117
122 233
18 112
110 115
182 220
27 117
71 160
24 48
6 179
133 220
99 100 198
48 83 100
152 233
23 128 197
105 158
17 45
36 58
108 163
209 215
126 180
160 166 199
190 194 225
43 182
79 85 97
1 185
45 111 137 221
205 217
119 177
17 166
121 223
1 5 17
1 72 192
31 185
149 177
61 64
33 34 178
33 231
37 104 178
167 231
19 67
5 176 190
1 140 186 190
82 123
101 136
1 198
209 213 221
176 190 194
25 47 70
18 43 57 234
75 120
61 185
51 140
201 211 219
54 55 154
86 134
25 121 140
10 129 224
63 123
204 211 220
58 193
166 174 192
86 142 155
101 124 141
32 140
49 80
187 190 198
20 22
23 27
98 99 153
13 19
35 37
2 205 219
9 129 130 145
100 153 238
32 153
48 97
202 207 211
95 122 233
211 217 219
202 219 221
25 86
85 100
30 164
211 213 221
117 161 196
4 148
2 78 127
124 213
17 188 191 193
160 166
201 204
60 228
27 51
177 184 187
34 48 61
16 158
222 226
13 56 119
41 46 65
202 216 221 223
92 153
148 164 193
212 218
50 156
36 221
55 234
215 223
27 172
11 164
24 103
69 167 174
166 223
207 224
127 231
25 220
80 119
167 169 170
70 182 183
200 221
140 170
85 234
57 172
32 61 100
71 190 192
203 226
68 119 170
222 239
15 175
167 190 192
78 231
31 119
16 167 170
196 223
22 70
214 240
66 113
126 127
169 199 225
140 141 145
10 181
9 120 129
128 173
1 132
18 182 183
23 123 150
163 167
108 231
71 120 190
38 172
79 173
10 73
214 216 223
158 173
117 153 159
94 188
195 240
9 120 142
40 73
71 140 145
67 176
52 54 108
5 200
225 240
35 79
67 68
80 191 225
39 40 108 109
158 186
177 199
10 50 171
84 168 171
79 103 168
68 148
54 55 222
42 132
102 146
14 33
41 136
40 132 201
35 92
45 111 137
81 208
9 10 81
141 146 195
199 200
157 203
9 31 140
129 141
3 191 194
148 179 193
118 211
16 200
2 36
23 95
124 147
28 210
204 213 226
90 97 98
50 58 161
44 154
136 157
111 118 182
29 31
126 144 149 151
4 203
89 93 100
113 146
27 106
78 79 103
50 149 171
30 111
84 88
41 46 120
111 221
48 83 89
141 157 158
50 211
99 103
30 232
103 222
108 170 182
119 166
124 157 195
73 166 174
50 75 235
61 181 235
24 50
88 90 100
73 171
102 153 172
149 166
11 232
43 184
170 225
1 187
221 227
205 219
119 179
67 166 191
54 132 242
94 122
80 187
5 191 194
24 63
27 32 51
54 171
31 208 218
64 91 171
89 92 103
89 128
107 182
126 195
19 69
65 185
68 190
1 200
101 138
72 80
23 136 157
16 118 174
80 200
63 233
46 120 147
114 198
37 50 97 104
86 136
171 180
190 193
17 68 174 200
46 185
1 211 221
63 125
123 139
183 190
204 208 217
8 15 69
101 102 125
81 133 140
113 132 154 155
110 152 228
13 21
25 75
209 216 224
74 108 154
125 198
166 199
8 78 138
37 85
20 144 150
80 193 194
129 145 195
118 158
2 118 188
16 147
76 161
29 86
50 84 161
111 155
69 158
55 223
14 222
8 148
85 102
29 207
101 134 147
78 99
36 102
32 33 79 178
8 40
1 2 231
219 223
32 61 89
73 105
59 207
15 52 148
212 220
91 159
94 164
1 71 186
112 218
32 61 210
123 149 197
66 120 184
23 38 95
87 161
207 226
31 120 147
132 184 198
29 86 242
210 231
72 192 234
27 37 100
54 105
136 158 210
59 220
17 223
91 172
6 11 22
3 59
107 116
102 130 135
198 234
80 222 224
5 68 71
10 141 157
42 108
73 86 111
33 59
98 188
101 193
54 118
151 162 197
67 148 205
114 132
95 119
174 183
102 158 210
55 73 111
33 180
91 159 161
70 183
101 136 195
42 121
209 214 220
79 188
165 191
27 33 61
92 98 104
9 65
5 94
10 170 211
135 202 215
67 191
23 84
16 81
35 94
81 210
139 151
50 84 95
101 125 140
132 148
192 199
102 135 158
216 223 224
3 5 191
1 111 179
39 105
92 197
50 200
54 198 222
40 204 205 208 214
76 108
117 146
81 129 210
29 33
199 223 224
34 60 236
75 181 236
50 92
69 105
67 163 192
55 170
8 95
138 150 156
184 198 225
30 113
84 90
194 221
87 95
89 98 153
36 49
22 114
30 234
205 208
31 55
163 211
182 224
129 202 221
217 218
84 103
43 65
39 40 148
15 232
1 68
87 108
73 173
55 132 154
108 167
76 95 114 149
52 235
167 222
170 227
161 178
100 168
45 232
205 221
31 68
1 20 144
79 230
27 48 61
49 58
54 173
73 186
5 184 193
91 104 159
31 189
61 68
88 171
126 197
44 70 234
23 143 162
5 176 194
123 128
68 192
21 117
100 181
40 106 108
33 127
130 133 141
46 66
213 214 216
26 87
76 198 236
28 133
60 85
183 192
99 114 153
169 186 194
29 73 74
37 74
42 189
118 147
35 149
10 87 123
36 64 75
7 87
40 106 242
111 144
74 112 154
69 147
148 211
27 150
81 157
34 82
37 87
138 139
36 91
118 160
45 111 207
134 141
92 144
111 157
211 217 223
50 147
22 48
8 150
85 104
29 209
23 38 84
15 45
69 70 232
177 191 194
36 104
214 217 224
25 211
140 161
203 211 223
27 37 89
1 2
133 158
91 161
196 214
214 231
27 48 103
42 45 70
24 138 153
43 120
103 171
128 156 197
59 101
3 169
84 91 104
33 48
200 225
38 126 131
73 108 118
1 111 211 221
54 107
120 145 146
98 153 180
18 184
12 110
17 225
91 174
126 131
198 236
170 174
104 144 150
42 65 183
73 86 113
19 126
51 78
107 109 194
158 177
9 129 195
10 198
87 197 198
169 191
1 3 164
70 185
89 198
102 137
32 78
123 196
37 48 89
53 137
95 182 209
81 120 137
29 31 132
153 159 161 172
16 191
2 27
8 87 123
125 134
111 199
187 194
75 84 171
206 207
73 111 132
8 10 24
120 140
2 101 157
157 207
9 80
69 94
129 145
76 95 189
205 221 223
16 204
78 82 99
67 175 191
78 100 153
111 212
124 151
23 119 128
40 67 148 205
36 159
112 154
84 92
73 146 223
68 179 203
66 159
32 149 151
24 162
205 209 239
5 71 184
161 167
64 234
31 57
14 15 67
36 172
75 100
94 113
84 91 159
117 149 150
33 103
52 116
57 231
98 232
2 5 71
32 33 60
48 180 231
87 110
41 57 232
174 227
177 232
105 169 225
130 157
75 221
5 17 190
167 224
43 188
23 33 50
101 129
87 231
45 234
205 223
124 135 157
167 173 176
204 227
170 186 231
80 191
13 119 193
49 60
109 111
166 167 169
80 119 166
72 192
7 11 116
46 176
63 116
40 132
84 136 157
58 186
102 192
148 207 217
75 117 161
32 133
7 76
6 8 63
14 200
148 200
120 121 220
16 17
61 85 89
24 128 138
76 114 136
160 174 176
85 89 126 144
83 92 100
35 151
111 146
72 186 192
9 135
83 84
145 146 195
124 125 195
20 149
18 39
78 90
70 106 205
55 106
16 184 198
8 31
25 200
48 103
120 208
139 221
70 136 232
133 147
78 211
50 149
120 186 190
55 227
215 216
8 152
145 157
84 147
78 103
45 155
14 67 191
210 222
16 56 211
101 129 157
101 171
120 221
161 222
36 75 161
73 109
47 121 147
45 47
31 112
8 165
112 222
29 224
40 53
100 104
191 222
97 159 172
108 224
33 50
89 104 159
24 230
82 171
101 184
141 147 158
54 109
177 179
60 61 181
73 86 223
179 225
126 133
65 123
170 176
54 230
12 233
16 55 56
41 45 182
173 200 222
33 63
13 188 240
225 233
82 184
114 136
177 192
9 56
135 195
46 123
177 223 231
10 101 102
150 180
172 198
209 214 224
74 106 154
208 215 220
63 184
137 184 186
123 198
16 72
61 85 144
95 136
136 137
150 156 196
9 69
28 82
129 134
201 239
95 114 161
4 75
68 173 199
143 153
146 195
104 198
160 174 176 194
120 142
52 109 147
157 209
25 26
131 156
134 198
175 199
8 87 138
6 161
14 169 173
105 140
58 97 172
127 158
53 86 109
85 161
50 223 234
164 225
43 164
15 52 86
78 158
21 122 228
17 148
52 105
92 144 149
194 225
106 112
152 228
45 102
50 217
16 148 205
168 172
125 142 210
79 85 92
18 120
45 223
64 236
128 131 197
12 46
59 158
134 136 210
223 229
75 102
24 143 180
86 116
42 46
209 223
170 231
82 118
30 205 209
40 121
204 229
105 108 109
80 193
79 234
46 57
10 134
51 135
99 104 153
109 113
54 177
40 242
114 191
51 60 61
158 234
81 102 140 158
75 236
10 101 157
81 135
53 73
40 106 112
72 86
102 194
46 70
201 208 222
187 190 193
65 70 185
34 181
26 91
53 194
56 199
190 199
9 124
13 14
144 210 236
35 61 64
2 84
16 19
81 148
55 105 108
20 138
23 143
41 197
8 20
27 33
16 56 187
16 140
119 170 174
29 79
111 148
69 70 102
9 137
121 134 137
54 177 222
103 149
78 92
138 143
97 105
84 93 97 171
55 108
8 33
118 164
203 208
45 111 211
120 210
4 35
212 213
215 218
203 223 224
24 138 144
54 158 222
18 185 234
207 219
59 92
23 142 145
210 224
14 67 193
97 159 161
77 109
200 216
16 40 205
203 221
10 55
222 234
10 101 157 210
15 170
101 173
98 153 171
154 221
195 222
107 109
46 137 186
73 232
207 232
105 221
105 111 112
3 173
22 186
61 114
184 221
142 224
214 216 218
174 176
12 114
61 235
28 58
33 173
107 122
65 125
149 179 223
54 232
102 128
14 15
165 184
63 173
29 30 73
84 92 171
18 19 25
10 136 157 158
46 125
65 138
49 130
84 120 125
9 71 194
62 69
62 91 153
209 214 226
146 184
32 83 85
32 82
139 144
180 182
13 190
132 141
118 176 192
186 190 200
35 208
29 112 209
2 31
201 205 221
62 82
31 109 232
153 200
92 190
23 90
50 91 104
206 211
34 37 60
138 198
157 211
12 87 152
36 150
55 163
205 221 227
23 50 84 92 171
57 209
43 45
38 76 114
50 63 99
64 104
179 208 214
95 117 149 161
164 186 190
36 59 153
57 101
2 165
1 169
154 155
140 220
57 222
87 101
10 125 140
105 155
64 117
91 220
110 233
17 42
8 222
94 225
66 163
17 200 222
13 166 175
170 220
189 233
161 171
73 214 223
131 143 197
205 214
94 117
10 150 210
156 177
54 166
73 179
174 231
31 182
89 123
149 174
33 228
10 57 140
82 120
56 67
80 195
33 120
19 185
63 228
49 64
5 164 190
70 123
56 188
79 98 103
163 173 192
55 105 108 111
56 68 118
151 196
192 234
68 198
6 22 110
76 184 186
56 80
42 182
19 198
118 140
1 2 200
136 194
72 209
18 148 207
111 137
68 80 173
23 24
72 163 199
60 91
27 143
13 16
16 56 68
25 70
150 156 162 197
34 75
1 111 227
92 93 171
82 100 103
41 199
8 22
27 35
19 57 65
90 91
2 207
76 156
136 207
208 212 221
29 81
23 37
9 45 101
78 79 153
71 199
76 84 89
43 100
84 138
103 151
166 207
18 43
9 81 145
54 211 222
184 207 214
140 154
78 91 99
200 205
126 149 180
125 136 210
215 220
2 177 187
84 151
73 221
207 221
177 191 200
134 136 146
124 223
77 111
200 223 231
86 217 234
33 41
10 57 182
79 157
203 223
32 149 210
10 57
18 177
17 73 86 200
54 55 72
36 231
1 8 138
119 169 179
195 224
107 111
123 143 180 197
211 220 223 226
140 141 142
68 119
54 221
207 234
163 164
93 159 171
19 119
33 37 235
124 140 146
68 240
183 227
202 240
54 113
95 114
214 216 220
67 148 200
75 172
32 34 61
36 62 64
54 234
128 183
169 184
67 173
55 157 221
12 237
39 74
58 124
157 210 231
28 181
68 80 111 173
158 207 223
108 132 208
95 127
116 186
83 90 100
136 157 171
81 84
8 87 116
67 186
221 227 229
125 127
111 192
23 79
60 146
13 71
79 91 168
120 124 135 137
136 141
125 150 158 161
120 133
23 200
9 73
54 184 198
112 214 224
13 192
2 33
48 149
23 92
187 200
54 73 222
16 56 136
180 197
4 200
78 149
27 58 75
55 165
27 103
38 127 162
30 108
80 148 191
43 47
115 152
133 206
76 173 199
144 151 197
69 221
147 160 163
97 104 161
108 149
127 162
10 134 142 147
1 171
59 149
45 214
119 163
31 50
17 152
121 209
140 222
52 109
202 211 223
57 224
5 164 179 188
27 37 150
71 164 191
22 122
75 214
55 111 211
52 230
111 163 177
19 25 31 57
79 104
98 117
63 96
1 184
18 173 186
17 165
52 106 108
204 220
61 171
33 37 61
10 125
89 92 100
26 69
130 163
4 17 165
73 107 112
81 126
61 184
81 102 195
14 72
135 142 157
9 129 135
79 238
32 126
3 84 171
72 198
16 72 179 205
163 176 199
46 182
175 179 192
123 136
12 94 115
141 190
42 184
16 73 118
13 176 194
92 126
6 86
14 206
27 145
95 156 217
134 137 145
132 198
18 45 232
71 188
205 212 222
54 105 108
39 155
8 138 149
78 83
16 66 199
27 37
201 214 219
16 144
2 209
85 89 92
16 17 199
133 140
19 182 183
55 220
211 220 223
101 141 147
14 56 170
55 111 132
85 99
30 163
74 86 109
103 153
15 40
166 209
18 45
59 83
55 112
149 150 197
200 207
177 184 186
219 220
184 199
203 212
67 183 234
78 153 161
58 59 60
17 207
134 140 146
173 225
214 226
50 64 104 171
29 217
98 126 180
1 118
73 223
147 172
77 113
200 220
50 84 92 171
79 159
24 223
98 172
10 59
101 177
202 229
114 116
1 119 200
119 231
88 100
33 164
150 197 231
198 231
214 239
5 65
126 128 230
114 237
26 124
3 117 161
3 177
149 231
47 183
93 168 178
32 60
49 51 64
97 98 104
72 132
20 31 70
9 49
55 73 108
10 66 101
51 194
120 121 147
95 237
169 186
213 229
33 92 186
104 178
34 119
53 132
56 137
9 62
28 75
69 76
102 164 200
76 95 171
160 194
27 79
150 186
20 76
92 181
125 129
153 159 172
132 148 217
102 145
44 140
101 132 140
48 81 137
76 92
65 111 137
120 135
204 205 213
9 54 86
138 189
102 205 214
113 132
13 194
80 164 188
131 149
73 146 205
27 51 61
175 192
16 17 25
13 148 163
111 207
67 72 179
124 146
143 159
81 136 210
8 200
9 102 140
54 73 224
43 157
38 131 162
61 79 89
59 138
6 46
33 82 103
182 208
5 166 174
8 92
94 95
118 223
131 162
14 160 174
18 25 183
10 81 125
18 221
50 210
24 136 157
43 170
71 176 190
85 91 98
91 103
1 80 179
75 95
14 18 67
33 98
31 132 209
21 110 116
8 65 102
33 37 50
223 224 226
216 219
27 37 152
54 157
73 170
18 234
31 173
10 235
170 224
68 176
1 186
31 65
61 173
1 14 67
19 176
10 127
95 171
114 184
31 186
158 227
72 187
70 114
55 106 111
192 225
84 120 171
10 101 150
21 114
127 177 184
125 171
72 79
16 118 173
43 125 227
49 68
84 150 171
18 47 146
102 134 147
9 117
60 82
26 205
50 101 158
102 200
2 198
48 85
9 130
50 131
126 143 151
16 56 72
20 144
106 147
166 198
23 149
97 98
111 148 223
18 34
81 147 158
55 167 174
38 134
117 198
136 211
133 142
166 191 200
50 144
29 31 208
55 222
119 163 177
131 150 162
166 211
207 212
105 201
102 195 210
97 99 103
36 101
53 109 154
214 217 221
13 15 52
140 158
177 184 188
219 222
203 214
133 155
119 220
58 59 62
31 107
50 153 172
141 142 210
66 101
24 138 150
191 193 225
50 104 172
45 163
105 214
3 166
61 107
140 171
124 142 210
184 214
38 126 128
30 86 217 234
126 236
10 61
101 179
64 91 104
1 17 191
58 59 75
17 222
61 228
80 241
5 163 186
140 141 146
46 105
10 182
169 175
188 225
30 39 86
86 177
3 179
164 190 209
149 233
190 234
150 161 172
181 185
5 188
165 177
123 180
68 169 170
158 174
81 120 121
28 64
74 180
50 64 89
76 114 173
220 234
5 80
68 136
169 188
21 61
7 126
153 180
53 242
70 182
9 172
102 134
42 120
165 190
35 80
102 124 130
50 65
103 153 161
118 199
16 188
16 193 240
10 81 101
23 131 230
20 78
38 139 150
125 127 231
127 140
104 193
16 80
136 145
120 137
4 191
97 153
50 78
96 194
131 151
14 160 163
2 37
111 209
64 97
50 199
6 7 116
9 102 142
103 210
219 223 224
18 102
9 136 140
78 153
59 140
91 92
36 156
8 94
94 97
40 121 147
11 99
24 38
84 89
15 218
3 100
108 177 186
82 83 100
8 32 35
43 172
84 210
82 100
1 175
101 113
59 153
205 207
119 167
31 54
182 223
33 100
52 113
144 180 242
101 234
61 126 144 210
174 224
177 229
23 62 75
203 217 224
146 207 224
167 221
19 57
94 117 173
36 97 104
147 242
86 232
144 173
204 224
63 221
114 186
67 111
53 176
1 158 198
75 231
42 54
148 184
60 71
75 84 89
104 114
49 178
68 191
21 116
140 157 158
81 130
20 87 180
125 173
163 188 200
37 60
56 73
21 237
126 127 196
50 84 136
37 181
10 54 170 211
25 41 120
190 194
72 163 192
60 84
204 211 223
185 200
83 99 100
23 138
86 211 221
27 28
7 21 117
2 200
76 149
136 200
29 74
20 25
50 133
55 211
14 72 169
27 149
85 90
71 192
30 154
2 92
103 144
15 31
78 87
23 151
55 103
80 173 186
9 135 145
2 213
117 200
120 205
18 157
123 200 231
214 217
85 103
27 48 89
95 114 237
24 138 139
29 208
87 149
73 214
177 191 193
80 173 199
121 147
33 34
200 211
38 149
43 227
10 50
142 206
133 157
119 222
12 96
58 59 64
36 224
94 165
198 222
10 171
91 104 200
86 166
58 104
149 222
107 225
3 4 184 194
78 99 171
73 105 112
54 106
129 204 213
58 225
116 166
88 104
47 66
5 69
95 228
201 202 215
67 166
146 227 234
89 184
36 58 59
146 166
5 190
65 241
32 64
16 56
214 216 226
114 133
46 120
71 191 194
67 179
171 236
9 174
102 136
209 214 221
6 87 115
208 239
120 126
39 201
157 193
73 125 137
27 83
35 61 235
56 111 118
111 198
143 150
204 213 216
79 92 103
102 150 161
187 193
74 86 155
57 83
76 96
136 147
15 86
84 98 172
106 204
204 205 217
39 214
111 222 229
66 132 224
10 54 111 170
57 204
136 158 240
133 199
64 99
36 37
81 130 140
30 222
90 159 161
43 161
84 199
148 173 179
36 61 194
45 207
56 57 137
71 130 186
101 223
30 86 121
73 161
53 74 109
110 228
20 87 144 197
149 156
124 142 146
123 197 230
147 231
12 43
3 223
223 226
80 177
33 34 49
33 102
82 223
216 223
111 138 197
73 174
31 177
158 218
46 50 65
88 159
52 236
167 223
19 59
65 175
170 228
63 102
207 223 234
128 231
26 183
86 234
223 239
84 85 97
82 236
68 72
158 231
70 118
88 172
44 65
128 151 162
52 74 108
49 180
68 193
14 148 191 193
185 189
9 229
83 178
146 234
28 32 61
13 119
102 140 195
28 58 235
92 119
80 163 184
14 199
117 150 156 161
132 191
25 65
81 145
34 70
120 130 137 145
39 148
18 25
37 75
118 148
81 140 146
52 74 242
120 194
54 184 198 222
78 197
157 158 236
8 78 87 144
24 123 143
78 82 153
48 210
15 33
87 138
117 149 153 161
211 212 217
78 89
23 128 231
63 99 114
43 45 234
79 92 171
36 92
31 42 241
25 199
72 174 194
123 144 180
50 64 91 104
184 192
120 207
14 16 67
24 126 131
81 145 210
17 200
203 204 208
3 36
29 209 218
214 219
112 208
43 108
1 111
206 211 212
58 93
3 157
108 210
61 98
38 151
2 165 185
4 17 200
82 157
15 167
202 222
73 108
88 93
214 232
33 157
112 221
198 224
10 173
68 114
73 229
100 103
8 20 95
129 208 213
103 184 186
89 173
33 49
98 178
32 53
32 33 235
63 157
42 163 184
54 108
120 145 147
3 198 200
75 167
47 68
107 119
179 224
10 186
1 2 8
68 127
54 229
169 179
7 117
20 87 116
213 222
102 125
47 189
5 192
1 164 191
49 235
123 184
95 122
27 33 51
42 232
201 225
51 200
16 179
169 192
32 85 236
171 238
83 125
60 141
16 56 118
25 120
104 184
123 197
33 89 123
27 33 64
9 193 194
157 195
78 89 90
14 67 166 200
129 133
55 147
16 192
20 82
23 87
64 88
9 189
102 147 158
127 144
25 133
30 211
2 149
76 98
102 124 147
78 144
205 218 219
8 85
27 98
207 213 219
43 47 69
1 2 184 186
29 144
15 209
126 149 230
92 200
16 148 191
8 149 197
3 91
80 118 199
5 17 165
53 86 108
186 212
98 99
129 146 195
1 166
29 54 106
31 45
182 214
82 84 171
33 91
42 179 234
156 161
18 227
45 101
13 173 175
31 166
22 117 237
3 104
130 145
19 48
189 230
82 104
2 183 186
40 107
86 223
100 158
58 161
204 215
35 101 133
75 101
10 120
7 11 21 122 228
29 30 112
14 16 148
71 145 186
158 220
130 158
42 45
145 146 157
88 161
148 175
167 225
19 61
60 62
65 177
211 231
81 121
68 174 223
167 173 177
37 51
223 241
162 231
14 67
123 180 197
35 126
38 123 131
114 190
37 172
70 120
111 121
171 172
14 188
80 177 193 200
60 75
10 142 157
9 145 195
81 134
54 108 132
34 59
125 177
37 64
9 231
19 46 183
14 80
41 183
44 188
48 78
31 54 227
139 196
171 185
9 123
16 56 65
67 179 205
8 24 123
10 202 221
16 17 73
106 140
166 191
23 142
13 134
57 140
59 186
133 135
217 222 226
6 94
18 148
18 148 217
25 80
201 209 220
121 133 140
23 149 171
106 204 220
87 140
166 204
59 78
78 91
9 81 142
110 122 152
57 153
184 194
32 126 210
18 161
31 100
91 151
110 164
3 38
8 153
24 138 143
10 162
5 184 225
73 218
147 167
207 218
23 123 131
31 221
210 223
69 108 167
140 164
4 193 199
142 210
101 172
68 188 200
10 124 125
1 80 240
10 45 54 170
214 234
109 154
44 127 140
41 71 186
137 147 158
86 170
130 213
125 207 221
42 163 186
35 60
46 65 137
77 242
56 119
32 34 58
33 172
14 31 80
220 227
73 108 242
137 229
120 121 142
73 207 221
35 181
67 170
153 173
86 183
213 224
85 159 168
41 54 232
102 134 195
28 178
102 127
120 136 157
5 194
46 232
165 183
9 57 137
81 189
34 114
66 69 183
116 183
17 190 191
57 66 70
144 156 162
201 227
13 176
118 192
95 114 149
7 12 114
48 98 180
153 186
28 33 235
61 75 181
13 68
16 87 187
60 71 186
16 73
84 114 171
204 205 208
39 205
78 89 92
36 136
69 84
16 191 200
52 102 132
41 46 101
34 92 103
30 108 154
61 89 92
117 138
205 209 216
204 205 221
59 133
23 210
138 197
3 184 186 198
35 62 181
36 149
17 136
174 190 194
57 208
43 44
32 33 37
30 86 112
170 179 192
40 54 86
50 205
153 184 186
16 68 200
52 55 154
38 87
23 102 127
94 117 153
106 221
119 160
36 59 75 172
23 158 180
94 103
9 28 54
52 106
1 184 231
32 33 50
101 227
68 71 190 192
66 182 183
124 141 142 145
75 211
209 211
24 101 144
105 160 166
8 132 208
79 101
21 96
40 109
50 117 172
41 101 120
8 23 157
57 220 229
28 33 35
33 106
3 177 198
54 165
114 179
86 117
128 139 143
218 236
42 47
18 65 182
148 177
46 166
192 220
120 140 210
68 184
66 70 76
125 166
144 179
37 53
146 225
60 185
32 123
155 230
111 123
56 187
54 112 132
32 36 172
25 56
52 74 112
24 144 180
2 72
143 196
13 16 17
1 2 199
35 141
48 80
92 123
56 200
50 126
17 187 190
132 195
63 87 95
101 148 158 163
17 199 200
43 101 120
128 197 231
148 169 170
36 83
25 190
95 123 158
117 193
81 124 142
163 186 200
9 137 147
133 137
74 86 106
103 150
106 155
18 42
124 209
86 166 174
39 40 74
1 223
1 119 184
40 86 214
29 39 40
80 223
33 148
86 205 223
207 220
31 223
70 147 222
191 212
29 55 105
33 40
79 156
47 65 70
10 56
82 161
98 153 172
17 174 223
26 183 185
33 161
46 100
27 32 100
51 178
68 118
54 220
169 170
23 63 95
201 202 208
73 86 105
184 187 193
5 183
126 180 242
63 161
35 62
114 126
73 211 221
144 234
11 12 152
61 236
28 59
55 73 105
138 197 223
50 64 84
36 37 235
171 229
102 129
162 180
14 16
40 214 223
35 75
208 232
141 242
18 112 217
99 150 153
50 60
83 90 99
118 194
7 95 114
71 119
217 220 224
9 180
50 181
124 130
71 240
136 140
16 179 192
3 46 65
120 132
8 76
27 89
118 207
85 89 144
48 148
22 95
6 114 237
187 199
38 76
16 179 205
87 197
59 135
31 36
90 92 100
99 207
38 197
73 154
75 200
24 180 197
79 90
43 167
170 208
99 104 238
40 67 148
105 111 155
52 108
10 111
144 155 180
73 167
26 55
91 221
89 111
87 116 122
149 162
73 221 227
209 213
125 146 147
19 52
170 221
211 222
63 95
10 101 134
68 173
73 109 111 242
86 227
1 3 198
65 66 70
204 219
52 105 111
74 109
19 173
5 190 194
123 230
174 232
91 104 153
158 224
72 184
56 176
47 127
74 230
148 179
26 189
34 50
37 50 61
124 141 142
70 232
18 19 189
9 222
42 170
120 130 140
13 112
83 98 153
118 128
35 130
34 171
111 125
14 192
148 192
204 208 213
84 98 99
125 181
111 148 207
37 68
4 118 165
83 184
10 135 158
55 85
99 128
82 103 133
126 131 138
111 138
4 12
71 187
2 87
122 152
45 55 148
17 72
121 129 133
8 23
140 142
81 105 131
124 129 134
201 209 224
112 201
65 106 208
84 139
147 158
211 212 223
11 22 237
121 142
140 155
83 100 171
184 198
43 222
203 211
125 130 137
224 226 227
80 225
134 140 145
33 150
65 106 221
112 214
24 101
65 102
27 32 89
10 166
93 99 172
73 222
134 136 147
32 49 51
3 163
42 91
61 104
19 107
51 59
38 128 171
54 55 73
105 106 108
116 161
28 48
107 112
46 102
137 220
128 171
21 45
7 110
86 174
202 217 226
214 223 224
47 182
148 234
1 5 191
97 98 103
35 64
144 236
206 221 222
6 117 161
55 73 107
13 167
120 121 146
60 62 236
67 101 210
144 149 150
65 102 182
37 231
211 212 222 227
14 18
56 84 118
164 191
2 129
76 78
138 143 231
37 123
48 61 181
9 61
50 62
76 199
40 86 205 223
16 45 73
48 137
20 75
23 80
105 119
10 102 157
85 140
76 91
62 193
38 150 161
120 134
20 196
18 86
187 191 193
9 81 134 140
55 153
8 78
175 191
23 84 128
18 207
23 156 233
4 80
105 132
124 145
127 150
35 37 236
24 78 138
205 209 220
18 99
84 97 98 99
36 153
163 194
77 154
98 133 153
33 84
24 35
85 89 159
175 204
27 48 61 90
10 125 130
68 176 192
176 200 240
22 110
149 151
66 153
107 154
167 205
19 41
24 156
55 155 242
186 218
91 99 172
58 59 235
60 84 91
68 72 192
204 208
10 141 195
121 210
111 221 227
63 205
75 120 171
75 161 172
101 231
216 218
54 156
26 57
1 72 179
86 108
31 172
72 173
10 234
6 22 87
40 113
42 65 232
125 157
89 234
204 221
61 172
102 173
74 111
125 137 221
5 240
82 231
95 170
40 234
57 69 185
18 19 70
127 184 186
65 183
32 235
150 227
68 111 173
53 65
20 117
70 234
9 224
119 177 193
102 186
68 148 176
178 181
97 98 171
88 93 99
10 54 158
117 171
35 132
5 164 193
20 95 122
199 240
48 61 236
71 176
16 240
36 59 64
10 205 219
32 98 236
124 141 157
126 138 143
126 156 197
27 35 50
29 52 132
117 184
15 136
16 17 187
102 124 195
44 66 70
157 158 231
153 171 172
28 50 59
24 123 138
55 208
8 133
173 200
18 86 234
9 79 89
48 92 178
65 137 220
22 152
184 187
18 154
133 141
91 144
196 197
55 221
154 200
124 129 136
65 208 221
66 87
87 115 116
29 205
188 198
207 211
58 88
121 144
34 82 103
29 74 109
1 227
202 217
67 148 177
40 155
31 106
80 227
101 124 157
54 211
73 224
31 227
102 107
24 224
32 48
51 61
141 220
53 107
80 240
28 50
54 224
169 174
120 124 140
67 163
9 158
18 184 192
47 184
148 236
5 187
81 182
125 225
55 73 109
13 169
51 195
211 215 239
170 173 179
48 126
39 77
69 70 136
24 123 180
179 186 192
13 61
16 66
81 195
148 167 170
34 120
6 21
78 126
27 33 59
138 177
136 147 210
157 190
55 142
16 191 193
8 67
13 182
16 187
131 137
2 23
79 99 103
68 80 184 223
64 83
124 134
127 139
175 176 192
15 83
59 126
4 190
55 155
8 80
52 86
131 150
38 126 156
58 62 172
18 209
19 31 70
105 134
91 199
14 67 119
68 179 186
126 156
167 194
186 207
170 199
182 209
94 96
50 60 62
101 220
73 158
13 52 109
89 102
149 153
167 207
19 43
55 108 132
82 99
1 174
6 22 76
40 102
100 153
76 140 146
3 220
22 233
163 209
42 148
75 99 114
13 15 119
33 99
33 37 51
29 30 107
54 158
40 223
114 172
174 223
85 104 159
94 95 117
148 170
10 236
68 177
86 231
53 54
42 65 234
70 223
144 172
204 223
65 91 104
135 142 147
5 190 198
16 108
32 62 181
76 91 95
150 229
20 96 228
34 54
138 162 180
185 186
23 124
55 76
146 231
160 163 169 199
118 132
2 186
136 186
45 54 184 222
9 118
50 119
55 197
41 70
2 78
138 143 180
166 186
117 161 172
59 60
27 33 235
50 54 84
125 140 224
117 186
136 199
29 73
208 212 213
25 45 66
73 132 242
9 54 142
4 16
78 89 153
85 89
11 76 114
191 193 200
19 47 69
121 133
140 146
85 210
98 149
39 40 67
161 205
1 119 177
9 54 155
119 208
24 126 128
29 86 108
36 210
78 83 92
91 93 172
61 144 210
10 23 158 180
52 154
54 200
128 149
23 123 126
102 195 211
97 99 104
89 157
61 95
207 221 227
101 167
202 219
41 43 120 121
119 221
215 216 223
12 95
31 108
1 20 184
116 152
88 90
214 229
4 188 200
179 208
198 221
10 170
68 111
128 162
58 103
9 166 170
80 111 173 229
36 104 161
76 95 114 149 161
29 55 111
65 227
32 50
37 48 61
9 16 118
40 170
155 157
120 129 136
53 109
90 100 238
116 165
118 187 191 193
47 65
127 231 234
19 232
93 181
120 121 137
169 176
153 168
111 171
28 173
183 232
64 99 171
185 241
28 181 236
83 90 92
30 74
125 147 161
92 171
19 31 46
53 112 132
9 173
41 125
127 128
25 117
57 69
103 185
120 125
4 179
23 192
9 133 140
50 66
72 111 177
27 82
13 184
118 200
186 190 194
159 238
38 76 95
10 144 158
5 136 164
133 185
4 71
45 72
85 144
30 208
145 195
84 98 171
119 200 223
17 110 152
20 23 144
163 185
99 200
11 87
80 164 191
126 144 149
1 42
73 147
133 198
45 85
31 150
108 141
186 209
2 5 164
1 163
9 136 141
31 42
17 144
91 93
75 85
61 150
80 163
33 34 35
211 221 223
9 35 210
114 161
18 224
67 86
53 77 113
86 99
31 163
14 15 173
89 104
130 142
167 209
124 142 145
19 45
78 99 104
211 215
121 130 147
82 101
46 65 66
67 207
80 177 200
1 3 191
144 161
204 212
112 132 205 208
61 163
63 76 114
137 158
45 54 184 198
174 225
54 55 132
86 112
72 177
70 104
89 117
33 222
41 46
68 179
16 166 167
23 76 95
125 161
89 238
101 135 147 210
102 177
119 177 184
35 123
48 62
159 171 172
102 134 137
163 173 186
148 185
173 208 218
55 177 223
16 231
150 231
153 236
125 174
55 211 221
32 62 75
37 61
23 126
83 177
29 105 242
96 116
13 118
25 172
2 188
88 93 103
80 111 222
140 142 157
16 66 70
14 198
55 199
45 57 66
173 191
25 64
120 207 221
217 234
2 80
1 111 221
226 239
123 126 149
45 46 66 70
57 137
126 131 144
193 199 240
47 66 183
17 186
47 98 172
17 187 198
66 78
71 193
101 133 140
105 191
191 194
124 204
23 128 230
220 222 224
101 136 145
108 177 229
121 135
11 76 237
101 156
1 221 227
142 194
133 145
17 199
27 48 90
112 207
198 210
78 104 153
128 151
23 123 128
86 154
31 218
134 136 140
77 105
202 221
86 108 177
89 97 104
72 111
45 170 211
80 231
89 99 150
33 156
156 226
86 167
39 55
1 190 193
89 172
149 223
130 210
1 2 119 138 200
103 144 197
76 95 149 161
183 221
34 98
53 111
37 103
27 33 37
9 41
14 119
76 95 150
160 173
220 224
179 223
32 173
51 186
134 157
67 167
213 221
232 234
111 173
103 123 151
102 124
148 240
5 191
132 232
86 109 132
19 43 45
164 184
16 57
208 227
9 70 73
53 124
9 54
14 132
10 33 158
55 133
32 186
34 48 81
2 14
153 183
81 101 195
92 173
111 186
87 138 197
105 112
83 85 100
124 125
69 189
132 208 223
184 193 194
121 136 221
76 84
8 87 231
106 192
84 103 238
52 109 132
6 25
76 84 95 114 171
27 84
76 114 149 161
200 241
11 76
48 143
30 105 109
127 144 162
1 31
27 205
30 210
216 218 219
186 198
57 84
103 200
120 121 124 135
4 194
119 144
12 18
36 146
57 205
32 33 34
101 211
72 190 192
132 154 242
54 136
89 93
160 163 174
129 130 213
186 211
82 90
212 224 227
131 143 180
100 144
20 87 144
31 44
80 165
68 164 188
13 119 167
40 214
155 201
86 101
2 67 118
133 140 145
149 157
79 98
54 55 242
141 158
86 222
3 184 198
204 214
223 231 234
223 227
73 86 155
1 123 231
58 60 62
142 144 230
33 36 59
158 219
5 183 186
133 140 158
5 186 191
148 174
93 238
60 61
132 166
65 176
169 233
172 238
37 50
1 3 187 193
119 177 186
32 120
159 161
32 99 104
35 125
140 142 146
111 120
56 184
148 187
71 169
55 211 223
23 128
55 80
41 182
76 95 110
157 207 224
25 174
118 136
166 176 194
2 190
117 177
15 169 170 174
5 71 200
221 234
92 120
37 184
4 236
224 239
50 123
69 136
150 158 207 220
173 193
131 196
48 198
16 17 72
1 86
50 82 150
59 64
17 67
123 126 151
27 34 60
91 221 227
101 145
120 195
161 196
80 166 173
18 147
78 198
47 66 185
80 188 191
55 214
30 112 217
102 117 161
52 108 177
73 204
31 65 189
68 176 240
17 80
149 199
38 139
98 153
156 214 226
184 193
1 221 229
1 103 173
31 99
113 154 242
3 37
176 194
214 220
33 34 92
112 209
10 161
4 17 80
68 199 200
54 157 224
73 217
134 136 142
191 209
89 161
61 99
79 153
83 84 171
68 223
202 223
21 148
34 181 236
16 118 207
93 172
49 102
153 159
72 234
176 194 240
32 48 100
6 72 190 192
148 229
32 54
95 110
53 113
125 218
157 170
9 43
101 102 158
201 213
220 226
17 68 187
8 76 233
213 223
9 164
71 186 190
36 62 181
25 108
104 172
164 186
69 70
14 134
13 175
99 178
18 67 148
35 193
28 48 61
29 119
120 146 147
10 45 170
23 75
105 114
50 178
64 76
67 158 200
80 86 222
16 68 173
16 56 119
55 86 111
15 76
120 129
204 205 207
18 81
59 119
4 183
33 82 84
182 189
73 111 242
167 169 192
131 143
1 15 166
29 132
73 138
72 148 184
91 98 104
66 135
11 199
186 200
87 194
28 59 61
78 98 153
31 33
128 150 184
208 213 214
91 153 161
33 79
4 193 240
102 141 142
160 170 179
1 46
86 108 221
4 186 200
68 179 192
130 133
160 163 176
134 140 195
167 200
24 151
63 79
50 99 104
10 133 140 157
86 211
50 136 171
163 202
9 133 142 147
121 205
80 167
59 75 235
158 198 199
114 165
70 95
148 177 193
130 146
149 159
54 108 109 132
75 210
201 222 239
46 152
211 219
62 75 236
63 92
21 95
40 108
204 216
45 198 222
47 232
5 190 191
66 70 183
26 65
23 150 156
56 173
148 176
97 172 223
3 5 184 198
35 235
10 101 144
202 221 223
163 166 174
9 56 111
163 169 179
78 138 197
173 223 224
52 86 108
146 224
2 179
5 164 188
20 233
37 173
171 173
166 173 199 200
69 125
8 115
173 182
40 52 105
16 73 222
121 136 157
103 123
29 174
166 179
61 89 133
99 125
44 189
117 179
136 192
2 184 199
76 102 236
8 78 138 180
10 158 223
18 136
31 232 234
50 125
3 13
35 48 58
81 135 142
66 69
112 185
30 73 214
103 136
106 204 208
148 175 176
166 192
105 182
124 195
36 82
2 3 164
173 175 179
25 189
205 207 224
102 130 210
81 121 136
38 128
30 73 106
101 147
1 209
31 65 70
86 108 155
4 71 184
201 209 221
8 65 138
50 102 107
10 150
3 187 190
31 209
88 153 191
34 84 171
126 217
4 17 190
10 101 129 135
39 40 73
1 222
86 205 214 223
54 85
31 101
89 102 210
61 209
135 158
80 222
28 32
13 15 167
214 222
198 214
89 90 92
34 59 235
156 217
114 220
31 222
25 80 163
61 101
123 161
3 80 198
82 99 104
53 102
23 139 197
61 222
9 32
86 105 112
55 133 142
179 214
51 177
156 230
120 121 130
109 155
165 191 193
120 124 135
153 161
128 139 197
13 167 170
120 136 145
146 158
13 43
1 16 17
10 101 199
35 61
188 193 200
34 102
207 220 223
227 231
185 234
25 41 46
106 107 112
157 172
9 45
102 236
201 215
160 177
34 35 133
5 187 190
95 233
2 5
84 93 100
27 183
2 8 200
20 180
50 59
55 137
27 75
25 231
11 67
16 182
57 183
36 59 235
48 134
45 65
66 124
87 183
55 150
182 191
108 242
11 80
112 132
57 196
120 121 135 140
29 134
73 140
45 78
205 216 220
108 134
126 151
24 140
170 194
87 196
147 210
10 157 224
12 22
182 204
75 78
140 207
135 145 158
98 210
54 140
26 41
78 83 153
130 135
59 61 181
24 153
142 145
78 153 159 161
80 177 193
1 3 184
202 211 221
32 98
173 174 200
86 105
72 170
158 210
177 223
81 120 157
14 15 179
107 164
33 92 103
65 167
10 231
59 60 235
10 101 133
34 36
90 100 178
89 231
204 218
74 108
24 149 162
35 116
34 157
72 183
25 41 101
56 175
157 227
69 114
25 44
49 172
10 142 147
97 172 225
48 176
34 49
37 54
23 119
68 148 173
5 71 191
157 240
50 114
33 51 61
69 127
52 53 54
173 184
25 57
11 122
44 70
62 64 75
36 59 61
14 160 199
20 127
166 181
50 235
143 197
65 137 204
11 14
40 112 242
2 194
206 222 229
132 217 223
17 179
91 128
55 205
3 15
22 28
63 87 96
41 46 157
103 138
201 220 224
36 84
55 166 174
66 192
140 141
98 144
29 30 40 154
101 129 135
1 211
17 192
25 186 198
80 211
105 113 242
201 209 223
112 200
24 87
4 165 198
99 104 171
126 144 210
128 144
147 157
211 212 222
207 208
41 43 101
86 147
31 211
58 85
61 90
59 75 171
79 144
3 17 80 190
75 146
150 196 220
54 208
95 209
21 31
20 87 95
72 225
31 224
32 49 50
1 5 177
19 106
146 147
104 150
16 37
35 50
21 152
10 133 140
144 222
134 209 220
150 156 161
32 34 48
9 34
50 92 171
73 86 214
46 101
202 205 215
3 190 193
70 118 222
211 215 223
120 124 137
7 109
134 150
213 214
105 119 167
111 166
103 123 144
102 117
5 184
33 92 171
164 177
203 213 221
140 157 207
208 220
125 222
1 42 193
136 147 194
41 228
136 157 158
105 212 223
13 166
27 64
16 171
35 184
76 185
136 236
48 123
68 173 177
52 53 109
16 66 118
41 120
85 126
15 67
84 98 153
4 174
83 238
88 103 172
13 179
37 51 178
200 234
76 198
203 239
175 177
105 167 170
59 231
45 67
69 195
123 128 162
54 109 132
13 194 200
112 242
139 143 150
4 187
56 57 118
69 182 185
33 70
166 170 192
55 67 223
216 222 223
58 82 84
59 161 172
91 196
8 198
108 136
160 163 167
167 191
126 153
186 204
1 158
87 198
74 105 111
31 37
163 193
93 97
137 140
40 207
114 156
26 43
31 158
158 199
130 137
135 215
40 179 205
131 149 230
173 186 199
79 91
47 65 234
108 109 132
107 112 113
141 151
124 135 137
58 153
144 156
23 38 128 139
137 153
95 156
177 225
218 226
70 99
5 118
211 223
44 46
169 176 199
25 102 221
25 121 234
125 140 147 158
127 156 231
123 231
35 118
81 234
92 149 150
92 100
111 113
18 19 69
116 228
9 102
41 54
192 223
103 114
48 178
34 51
20 116
9 223
2 78 87
28 236
1 127 184
36 60
55 73
123 126 131
104 231
28 35 60
16 118
57 119
54 73 111 242
34 172
173 199 221
89 103 171
78 178
73 109 242
97 191
55 194
173 186
23 149 150
217 229
131 189
36 89 171
1 79
106 132
166 183
18 19
55 86
45 57 182
123 126 144
8 11
38 173 199
10 54 170
84 235
17 187 193
173 199
129 130 140
170 177 191
84 127
115 194
3 138
121 130
79 133
24 197
184 186
98 146
15 163 192
142 189
202 203
31 92
64 181 235
195 200
179 192
198 205
73 108 208
24 89
126 149 150 161
114 211
65 182 204
61 92
83 100 172
72 113 154
65 211
24 210
4 17 194
202 216
42 66 232
40 154
9 23
179 205
177 204 207 218
54 210
72 227
3 68 192
190 219
28 157
102 106
16 76 95
51 60
72 179 198
16 39
1 186 190
10 133 142
72 119
34 60 181
157 163
9 36
60 230
74 106 242
46 103
137 221
51 181
169 173
48 112
18 66 199
56 232
149 153 161
129 222
5 186
32 48 89 100
136 142 145
86 112 132
105 216 223
28 34 35
125 224
39 184
6 7
63 99 137
102 240
201 219
2 80 188
32 181
16 173
2 9
29 112
144 149 151
48 125
8 18 234
20 63
50 63 64
27 28 51
9 170
132 208 218
108 112
44 127
41 69 185
62 181
6 20
1 157 158
102 135 142
29 125
16 72 177
15 190
175 179
45 69
124 133
204 212 216
129 130 195
16 68 179
126 142
32 61 236
43 144
131 143 162
147 201
18 87
82 123 144
59 125
45 66 70
3 193
80 147
184 241
120 121 135 144
166 173 199
133 195
86 108 214
121 124 195
31 147
24 126 180
22 98
107 142
126 155
118 147 222
82 85
102 192 221
148 173 175
24 131 150
81 125 142
33 85
93 99
59 61 64
101 219
38 84 171
86 108 227
43 65 66
54 222 229
19 42
65 158
10 222
63 85
68 163
109 201
133 136 142
81 102
53 113 154
86 217
125 145
144 158
16 118 147
102 161
181 225
45 54 170
32 102
5 174 176
40 222
141 146 210
158 214
37 153
207 211 220
74 220
148 169
93 233
41 43
40 55 154
51 236
153 220
172 233
34 40
20 105
70 222
111 223
83 161
102 174
23 78 138
14 191 200
55 62
25 136 221
117 159
22 76 152
29 46
120 164
20 95 110
56 179
39 55 106
140 145 146
132 174
32 236
54 73 132
71 164
29 167
120 137 146
6 183
166 172
36 62
127 180
159 169
104 233
31 46 101
16 120
117 172
62 236
106 242
81 101 137
173 199 223
1 138 200
157 158 219
138 231
224 234
117 149 161
173 188
15 16
19 31 111
36 75
132 205 217
101 140
31 43 45
173 199 236
19 31 232
59 180
48 50 61
24 78
111 170 211
9 125 142
9 134 147
1 71 186 190
131 143 230
33 140
137 197
156 210
16 111 205 217
49 84
54 199
73 212
18 41 182
130 194
135 140 223
46 200
25 40 205
82 153
68 218
29 30 40
202 218
12 94
72 108
135 164
58 75 235
28 38
101 124 158
137 210
197 224
184 194 225
26 44 183
171 208
9 146
83 95
102 108
47 172
148 224
5 175
105 112 155
63 153
68 231
209 216 239
1 186 192
81 170
26 234
202 212 222
56 166 169 174
201 208
220 221
120 121 136
8 76 228
127 131 231
48 114
203 221 224
80 163 222
111 170
212 222
231 235
69 173
60 124
143 150 196
151 242
16 54
56 111 211
2 119
25 199 224
81 183
208 224
48 235
20 173
166 227
8 138 180
79 125 144
41 125 227
41 232
99 173
46 184 186
11 60
84 128 171
2 240
1 15
105 109
25 116
117 119
103 184
29 132 208 218
15 71
16 163 176
59 114
102 142 147
56 118 119
153 157 172
28 36 59
11 73
52 74
1 71 184 186
131 138
16 72 179
59 235
72 148 179
193 198
56 118 240
201 207 223
105 122
64 84
31 136
91 98 99
126 144
2 186 225
24 133
8 63 76
103 197
45 192
58 131
140 200
16 72 192
54 133
73 146
72 148 192
14 16 118
174 198
54 55 105
89 90
126 157
167 195
19 31
186 208
79 82
24 146
10 211
132 191 242
39 40 242
31 43 234
45 205
101 136 210
86 107 112
42 136
174 211
72 163
130 141
89 103
19 41 183
88 144
148 158
98 99 104
20 75 144
19 44
130 147 157
46 147
10 224
68 165
8 78 87
32 104
18 72 179
125 134 142
54 108 223
34 150
199 217
27 33 89
9 19 31 158
41 45
111 132 242
5 118 175
172 235
3 4 188 194
37 47
206 207 224
69 228
104 222
2 174
76 123
20 228
39 241
8 78 221
37 168
50 107
127 140 146
69 120
102 133 140
27 123
13 225
184 198 240
11 115
71 166
217 220
150 230
131 180
16 45 118
102 129 142
166 174
23 125
16 66 177
96 115
55 77
118 133
76 136
16 17 177
161 180
180 230
50 120
8 123
173 190
71 179
115 185
92 238
59 61
144 151 230
124 190
108 182
37 60 178
58 85 91
32 61 64
10 24
101 142
10 158 231
75 126
8 33 144
65 81
54 188
53 77 154
191 193
86 140
22 155
42 70
59 91 172
121 134
140 147
29 55 86
19 86
184 190
43 214
98 150
183 194
54 80
38 128 150
102 120 146
33 34 89
46 81
10 158
3 187 198
54 201
128 150
111 211 227
80 191 193 200
31 217
4 5 188
66 182 232
101 136 157
28 148
5 164
30 109 242
3 80 193
208 218 220
202 220
47 69 183
78 180 231
141 210
167 170 173
192 221 222
37 89
202 215 216
80 193 198
41 46 69 185
101 102 142
90 100
120 124 130
153 156
99 161 172
209 220 239
216 219 239
56 223
111 167 170
171 210
98 99 172
5 177
151 231
58 60 235
167 170 186
97 100 104
157 167
14 118
76 95 149
201 210
32 172
35 177
92 159
39 67
23 59
9 161
132 208 209
215 229
40 214 217
164 183
103 173
227 239
16 17 111
78 116
157 180
20 144 180
55 132
31 41 43
37 236
23 128 150
105 111
22 76
108 116
153 161 172
16 68 170
84 173
55 86 108
66 94 185
140 189
200 240
31 71 164
140 146 158
55 86 229
15 194
48 78 180
45 73
64 86
16 148 176
17 240
13 16 200
75 181
108 129
120 157 171
10 200
72 175 176
17 132
163 186
182 199
121 189
82 197
174 200
101 140 210
79 84
46 136
98 104 171
63 76
4 80 188
1 86 177
29 53 108
58 75 171
32 93
82 210
35 98
95 149
177 218
9 82
129 147
148 160
102 136 158
67 208
141 157
3 165 184
172 224
9 203
23 138 143
146 208
63 210
92 93
207 211 224
69 109
14 173
206 212 220
148 173
41 47
55 177 211
164 194 200
48 171
20 109
18 19 183
37 49
23 114
1 127 177
60 181
146 221
21 115 117
199 232
78 171
102 133 142
160 240
173 179
25 52
217 222
2 68
103 120
166 176
23 101 102
23 127
41 65 125
8 233
25 173
206 222 224
84 228
76 138
16 17 179
87 233
20 76 114
120 181
173 199 227
78 184
44 65 66
17 174
72 166 169
8 125
173 192
52 131
11 22 76 114
84 120
103 133
179 187 192
59 63
163 174 186
80 85
101 144
72 176 190
8 87 138 197
54 69
18 146
38 128 139
119 198
91 136
36 200
6 76 115
135 142
72 108 177
24 82
65 83
188 190
101 136 146
65 204
55 108 177
101 157
142 195
202 209
22 95 114
2 125 221
166 174 200
33 144
4 188 190
198 211
156 214
49 88
18 66 185 234
67 142
70 147
8 23 87
5 166
40 192 205
32 40
68 222
87 95 233
36 37 97
167 170 175
31 73 146
34 86
37 91
56 104
102 220
32 37 48
13 148
16 153
120 124 132
134 145
1 190 194
164 170 191
102 112
5 179
16 208 220
9 140 157
35 58
208 215
39 177
185 231
37 104
143 234
17 148 179
60 236
27 59
118 177
120 121 140
2 231
76 180
136 231
92 161
40 205 214
212 226
23 61
50 164
164 185
10 142 210
164 188 194
20 177
166 231
78 118
138 169
32 59 62
32 48 83 100 103
117 231
111 113 154
166 170 174
140 146 147
16 17 234
15 183
212 239
64 75
50 177
196 231
132 208 224
94 183
102 130 141
38 59
43 137
87 180
184 186 192
45 183
204 207 215
31 55 222
17 71 187
38 180
184 234
54 124
101 120 136
27 50 58
73 137
84 171 235
177 194
205 216 217
101 141 195
160 166 167
167 186
19 22
10 202
55 108 111
50 136 157
31 32
24 131 143
68 72 173
80 153
19 143
82 199
119 166 174
177 207
61 120 140
130 132
89 94
25 120 136
135 210
82 92 103
33 199
82 91
3 184 186
130 140 145
125 138
54 173 222
101 130 140
61 153
19 41 66
32 95
34 141
53 154
72 167
218 221
192 205
68 169
21 94
206 208 211
13 68 179
146 210
76 114
29 39
66 70 182
37 159
157 224
50 98
54 184 222
14 175
206 212 222
113 154
16 221
78 87 231
48 173
18 19 185
80 221 222
69 232
97 104 172
127 173
27 235
99 111
29 52
5 71 188
33 35 50
8 114
25 54
1 8 78 138
16 234
217 224
143 149 151
71 160 163 186
48 186
194 240
1 111 211
84 97 99
64 130
108 173
29 163 186
127 186
186 241
2 191
102 121 147
161 184
205 227
126 151 197
75 117
129 130 135
10 136
1 87
87 127
80 173 177
79 89 91
43 205
82 133
161 197
32 79 85
201 216 223
40 136
125 158 182
121 124 135
33 133
198 200
10 149
54 192
3 146
158 166 207
70 136
53 102 107
12 87
67 166 225
9 18
80 221
10 66 70
33 146
5 47
65 98
86 157
171 201
2 3 165 191
148 217
60 104
123 131 162
32 42
202 212 215
220 223 226
9 31
160 163
32 37 50
27 48
29 52 155
134 147
48 107
74 113 132
23 50
18 184 186
119 163 186
159 161 172
146 157
48 228
208 217
125 219
23 171
61 64 181
27 61
99 166
118 179
16 17 223
18 69 182
1 8
83 85 90
67 72 148
71 183 186
8 169
71 225
2 125
202 218 221
105 223
138 171
48 60 181
200 231
117 233
28 48 62
17 231
108 120
22 80
39 52 111
186 188
67 132 148
84 177
230 231
8 68 184
164 188 209
147 196
45 185
10 157 210
31 214 217
187 193 198
38 126 150
15 198
174 191
4 186 188
24 139
10 204
216 217 226
128 196
147 209
45 198
86 199
163 190
165 199
51 97
40 148 179
114 153
54 55 111
65 66 163
55 73 132
54 222 224
151 156
65 205 214
33 50 92
125 140
129 147 210
50 59 154
31 47 66
75 117 125
3 196 198
35 102
95 153
40 217
72 169
218 223
16 173 199
157 213
9 86
14 164
148 164
150 210
125 153
9 207
14 56
5 236
206 226
1 2 173
86 106 108
92 97
10 130 136
50 100
69 113
14 177
30 217 234
16 223
35 236
76 237
134 215
149 157 158
23 84 153
102 129 135
166 167
202 214 221
123 126 128
6 22 95 237
85 178
167 174 192
102 121 136
117 167
29 54
20 123 180
15 119
76 100 114
180 223
224 229
18 132 148
217 226
135 136 137
87 116
33 51 181
209 227
25 177
36 59 181
32 60 61
161 186
1 197
209 213 220
54 60
31 76
18 173 199
10 138
38 161 199
78 84 153
45 132
9 141 145
52 106 242
101 136 137
22 148
7 11 122
121 127
63 122
12 76
17 191
80 210
65 87
54 194
128 143
86 146
101 133 145
204 216 226
130 189
47 154
59 61 235
65 208
35 36
202 213
141 203
37 82
28 33
75 101 172
49 92
35 157
58 84 171
32 48 90
209 214 216 221
9 141
45 184 222
5 170
65 221
13 31
123 162
2 164 193
20 63 87
185 222
56 108
130 137 146
173 176 192
119 177 231
9 33
208 209 213 220
30 55
35 170
76 171
50 84 171
123 138 180
20 47
27 28 35
23 52
50 155
215 222
164 176
101 134 157
166 222
6 233
185 235
4 160
23 173
157 173
55 125
41 227
8 50
84 91 99
99 168
30 68
29 109
48 122
15 174
56 118 222
50 168
108 109
8 171
27 184
55 56 222
2 127
87 171
128 150 161
163 166
22 190
8 63
25 232
38 171
112 120
36 59 236
3 164 165
45 66
23 128 156
1 177 191
91 182
127 146 200
108 122
8 184
9 102 124
31 146 223
84 104 172
126 139
186 190
140 141 157
55 69 174
23 123 162
163 179
61 131
140 195
81 102 142
38 184
112 208 214 217
177 198
9 20 31
94 200
45 111 211 223
83 100 103
5 91
68 72 177
61 144
121 195
162 196
33 82
163 199 207
48 119 200
31 73 192
67 80
158 198
177 211
213 216 217
28 88
129 140
93 103 159
68 160
150 199
10 120 134
106 182 208
125 142
204 206
33 84 92
13 68 170
19 160
32 99
24 149 150
204 206 222
39 223
69 102
10 66 140
148 166
148 179 205
151 171
184 198 222
44 45
171 172 221
90 161
169 225
34 37
37 42
14 169 179
83 158
126 143 230
41 111 221
71 177 186
1 2 175
29 43
111 112
11 110
16 225
84 100
29 164
134 141 210
96 110
41 174
214 220 221
44 179
57 118
43 183
84 221
16 45 234
81 101 134
37 58 235
1 138 197
78 177
205 218
17 167
1 8 87
182 234
71 174
61 79 236
39 73 106
1 78
36 75 235
205 214 217
10 125 157
45 121
34 85 144
136 146 157
209 229
161 188
221 239
59 177
100 178
18 41 45
35 48 61
80 199
148 166 174
170 177 190
10 140
29 30 132
1 91
148 175 179
52 101 129
31 199
19 81
24 196
111 207 211
1 212
216 217 218 219
40 140
84 171 186
42 186
204 220 226
12 199
70 140
89 153
148 208
78 99 153
100 171 172
32 33
63 137
4 17 193
16 25
202 215
68 111 200
144 210
116 148
16 118 199
34 63 172
129 136 145
76 117 149
87 123 180
34 200
37 205
24 63 138
83 92
129 208
41 95
199 207 224
35 51
71 80 187
34 92
39 170
23 162
150 156 162
173 176 194
102 226
9 35
96 152
201 205
160 167
136 224
41 46 66
6 114
27 28 37
212 219
2 4 71
43 101 120 121
215 224
8 160
46 66 70
120 121 136 221
20 170
59 98
138 162
124 227
14 67 199
55 127
83 85 90 100
25 221
10 54 211
203 227
29 111
15 176
71 193 198
126 149 197
105 106
71 183 190
36 235
132 208 217
94 176
27 186
66 114
1 71 198
57 65
27 32 37 48
9 120 130
41 57 66
204 207 208
16 17 72 179
80 173 223
121 171
25 234
163 184 198
80 133
33 58
1 2 5 164
9 46 73
45 68
50 84 171 186
10 124 145
177 187
3 71
167 179
84 97 171
45 189
3 192
19 41 46
181 198
106 112 155
184 240
98 200
10 87
67 69
158 187
177 200
167 192
126 139 151
82 84
169 201
86 177 205
86 107 109
201 217 224
79 200
63 192
134 147 203
167 170 223
26 44
73 170 214
72 160
13 52 107
129 142
132 147
109 200
201 205 227
21 87
153 206
144 157
48 61 89
50 64 236
31 47 70
