0 1 0 2 1 3 4
12 13 14 15 16 17 16 18 19 20 21 18 22 12 23 13 14 15 16 17 16 18 19 20 24 15 21 18 22 25 16 26 27 28 29 30 31
42 43 44 42 43 44 45 46
47 47 47 47 47 47 48 49 47 50 47 47 47 47 47 47 47 49 49 47 47 47 49 47 47 49 47 47 47 51 49 47 50 47 47 47 47 49 47 47 47 47 47 47 49 47 47 52 49 47 49 47 49 53 47 47 47 47 47 50 54 55 47 50 47 47 47 56 47 47 57 47 55 47 47 47 47 47 47 48 49 47 50 47 47 47 47 47 47 47 47 49 49 47 47 47 55 49 47 47 47 47 47 49 47 47 47 51 49 47 47 50 47 47 47 47 49 47 47 58 47 47 58 47 47 49 47 47 47 47 52 49 47 49 47 49 56 53 47 47 47 47 47 50 47 54 55 47 56 47 50 47 47 47 47 47 59 47 47 47 47 47 47 47 47 55 47 47 47 47 47 47 47 47 47 47 60 47 47 47 47 47 56 47 61 47 47 47 47 56 47 47 47 47 47 61 62 47 47 59 47 47 47 47 47 47 47 47
69 70 70 70 70 70 70 70 70 71 70 70 70 70 70 70 72 69 72 70 69 70 70 69 70 69 70 73 74 69 70 70 71 70 70 70 43 70 70 70 70 70 72 70 70 70 70 70 70 70 70 70 71 70 70 70 69 70 70 70 70 70 70 72 70 69 72 70 69 70 70 69 70 69 70 64 70 73 64 74 69 70 70 69 69 70 75 69 72 70 69 76 70 69 71 70 69 70 74 69 69 69 70 70 72 70 70 70 69 76 70 70 70 70 70 70 70 69 69 69 70
77 78 78 78 79 80 78 81 77 77 79 82 78 78 79 78 83 84 85 79 80 81 78 81 77 77 86 87 88 83 89 81 90 81
91 92 91 91 91 93 91 94 91 91 91 88 91 95 91 91 96 91 97 98 91 91 92 91 91 91 93 91 94 91 91 91 91 88 91 95 91 99 91 91 91 96 100 91 91 91 91 101
109 110 111 112 113 114 115 116 117 118 119 120 109 110 111 112 113 114 115 116 117 118 119 120 121 68 122
128 100 129 128 60 128 130 131 128 100 129 128 60 128 130 131 132 133 44
140 141 140 140 140 140 141 140 140 140 142
143 144 144 144 143 144 145 144 144 144 146 144 144 147 144 146
153 154 155 156 154 157 158 159 160 161 160 162 162 159 159 153 142 154 159 154 142 157 163 140 159 159 164 165 162 166 159 167 168 169 159 153 154 159 157 170 162 154 157 154 154 162 171 153 154 154 155 156 154 157 158 159 160 161 160 162 162 159 159 153 142 154 159 154 142 157 163 140 159 159 164 165 162 166 159 167 168 169 159 153 154 159 157 170 162 154 157 154 154 162 172 173 171 154 154 174 140 175 154
176 176 174 176 176 176 177 178 176 174 176 176 176 177 176 179
214 215 216 217 218 219 220 215 221 222 220 217 215 223 215 224
255 256 257 258 257 257
259 95 212
260 261 262 263 180 264 262 260 265 266 262 261 261 262 263 180 267 264 262 261 268 260 269 270 261 53
160 282 160 283 284 282 285 282 282 283 15 286 287
308 64 309 310 311 311 312 313 314 315 316 317 315 317 311 318 319 317 320 320 312 321 316 311 279 308 64 309 310 311 311 312 313 314 315 316 317 315 317 311 318 319 317 320 320 312 321 316 311 279
322 322 323 323 322 322 324 325 322 326 323 323 323 327 322 328 323 329 18 323 323 324 324 323 284 324 322 330 283 322 323 323 322 322 324 325 322 326 323 323 323 327 330 322 328 323 329 18 323 323 324 324 323 284 331 332 333 334 323 335 128 323 335 323 336 332 337 338 324 330 339 330 330 340 341
342 343 344 345 346 189 347 348 344 348 189 205 348 349 344 350 351 349 352 342 343 344 345 346 189 347 348 344 348 189 205 348 349 344 350 351 353 349 354 355 345 356 343
389 389 389 389 390 389 389 389 389
70 405 330 406 407 407 407 70 70 405 330 406 407 407 407 408 407 409
418 419 420 421 419 422 420 130 423 418 419 420 421 419 422 420 423 424 419 425 424 419 424 426
427 428 429 430 25 431 25 64 432 433 431 431 25 434 435 436 431 437 15
438 439 440 441 442 438 438 370 443 444 439 40 40 439 440 445 430 40 438 405 439 440 441 442 438 438 370 443 446 444 439 447 421 448 40 439 439 449 445 450 451 449 449 451 439 452 439 453
473 474 187 475 187 187 473 474 476 187 475 41 187 477 478 479 480 480 481
482 157 483 484 287 190 485 194 486 76 487 482 157 483 488 174 484 287 483 489 490 491 492 492 493
151 503 504 505 202 151 503 504 505 506
443 54 158 64 508 50 509 182 509 337 509 75 510 443 54 158 64 508 50 509 182 509 337 511 509 75 510 512 513 514
515 516 517 518 519 520 515 516 521 522 521 523 521 515 175 520 520 515 516 516 517 518 524 519 520 515 516 521 522 521 523 521 515 175 520 520 521 525 526 527 520
422 459 532 533 534 535 536 422 459 537 532 533 538 365 534 535 519 539 540 541 542 543 297 64
306 544 306 545 546 547 306 544 548 306 545 549 546 547 548
550 551 552 553 553 554 552 552 550 553 551 550 553 552 550 553 553 550
439 488 569 474 570 448 488 571 572 573 574 570 474 439 488 575 569 474 570 448 488 203 386 571 572 573 574 570 474 576 40 571
213 577 578 547 579 580 581 547 582 290 213 577 578 547 579 580 581 547 582 227 583 580 584
589 590 590 590 335 591 592 593 592 592 594 594 325 595 596 335 597 412 597 589 598 599 600 591 325 590 601 589 591 590 590 590 335 591 592 602 593 590 592 592 594 594 603 325 595 596 335 604 597 412 597 605 589 598 599 606 607 594 608 594 64 609 590 610 611 612 613 591 325 596 291 614 613 610 615 325 594 608 595 589
616 617 618 619 128 616 617 618 619 128 620 621 121 234
638 639 60 640 338 200 641 431 642 643 644 641 645 641 638 639 60 640 338 200 641 101 431 642 643 644 645 226 646 647 648 649 650 651 652
657 266 658 657 266 658 659
664 665 665 665 665 666 667 574 665 8 667 344 344 668 669 665 664 665 665 665 665 666 667 574 665 8 667 344 344 668 669 32 344 666 670
671 672 84 671 672
397 684 685 686 687 685 688 689 690 685 397 691 684 692 685 686 687 685 688 693 689 318 690 685 446 694 397 685 397 397 685 694
719 720 615 336 219 247 721 722 719 723 719 719 724 719 720 615 336 219 247 721 722 343 719 723 719 719 725 719
726 727 728 729 675 730 731 732 401 733 508 729 544 732 728 728 732 726 727 728 729 675 730 731 732 401 733 508 729 544 732 728 728 732
734 735 355 736 629 342 355 355 734 735 355 736 737 738 739 740 741 343 346 355
742 164 743 744 745 77 746 365 742 742 312 742 203 746 742 747 748 743 743 487 742 164 743 744 745 77 746 365 742 742 312 742 203 746 742 743 487 747 748 743 743 487 749 750 743 751
776 777 494 494 776 494 778 776 776 776 777 494 494 776 494 778 776 776 534
779 780 781 779 394 42 657 187 782 30 210 783 784 785 786 787 788 779 789 343 790 104 461 791 618 792 793 794 779 780 781 779 394 42 657 187 782 789 30 210 783 784 785 786 787 795 788 779 796 789 343 790 63 664 304 788 444 721 797 659 798 95 799 318 194 304 800 304 801 802 509 803 789 804 786 695 805 75 806 807 617
74 808 809 809 810 242 181 811 281 652 654 66 126 812 30 813 814 815 461 814 1 74 816 817 74 808 809 809 810 242 181 811 281 652 654 66 126 812 30 813 814 815 461 814 1 4 74 816 817 557 814 818 812 814
819 820 819 819 821 387 822 823 824 496 825 122 826 827 828 95 829 583 653 830 819 831 819 832 139 819 820 825 819 819 821 387 833 822 823 824 496 825 122 826 827 828 95 829 583 653 830 819 831 819 832 139 834 835
487 487 487 842 487 487 843 487
844 77 357 643 845 846 847 848 333 849 333 850 851 557 210 333 844 77 357 852 643 853 845 118 846 847 848 333 849 333 850 851 854 165 64 7 118 855 357 856 857 210 845 858 859 16 846 846
51 368 371 371 509 344 860 344 371 860 861 509 862 51 863 368 824 864 344 368 368 368 865 368 866 867 51 368 371 371 509 344 860 344 371 860 861 509 862 51 863 368 824 864 344 368 368 368 862 368 865 368 213 868 317 349 368 368 368 869 577 346 870 860 112 346
871 872 873 871 871 872 873 130 871 874 668
875 876 877 876 878 876 876 490 876 685 879 600 878 400 876 878 876 876 880 881 878 876 831 876 876 876 882 876 883 878 878 669 876 593 876 876 876 876 609 883 876 876 400 876 876 878 379 875 876 884 877 876 878 876 876 490 876 685 879 600 878 878 400 876 878 876 876 880 881 878 876 876 831 876 876 876 882 885 878 876 883 878 878 669 876 593 878 876 876 876 876 609 878 883 876 876 876 400 876 686 395 876 31 446 876 876 878 886 339 876 887 876 878 686 7 888 446 372 889
893 894 838 895 893 894 838 896 897
203 574 898 145 899 900 145 1 901 898 203 145 900 145 145 898 898 902 203 256 900 145 903 902 145 145 898 898 145 904 145 145 574 904 898 898 203 145 256 898 898 256 145 145 203 574 905 145 256 906 907 145 203 203 256
544 908 37 909 910 625 911 20 912 20 908 64 908
913 914 914 914 914 914 914 914 914 914 915 914 914 914 914 915 914 914 914 913 914 914 914 914 914 914 914 914 914 914 914 915 914 916 915 914 914 914 914 914 914 915 916 62 917 914 914 914 914 914 914 914 918 914 914
790 923 924 925 926 788 790 184 927 790 923 924 925 926 788 790 184 928 927 359 927 929 860 790 514 225 929 184
934 332
655 935 936 937 938 939 940 941 93 942 877 943 944 945 605 945 655 945 946 606 606 521 947 87 948 657 947 949 949 655 950 951 655
987 697 790 988 987 697 790 988
989 989 989 333 990 990 989 990 990 990 211 349 990 990 991 990 990 990 990 966 990 990 989 990 990 990 990 990 990 989 989 989 990 333 990 990 990 989 990 990 990 211 349 990 990 991 990 990 990 990 966 990 990 989 990 990 990 864 990 333 182 991 990 990 990 990 992 990 990 990 990 990
70 70 993 70 70 994 128 407 995 70 70 70 70 70 993 70 70 994 128 407 995 996 70 70 70 997 70 653 902 70 70 70 70
77 1005 902 1006 527 1005 1007 1008 365 1009 77 1005 175 902 1006 527 1005 1007 1010 1008 365 1006 1011 84 77
860 496 860 860 860 496 805 860 860 479 1012 1013 361 205 805 786 864
1024 374 1025 1024 374 1026
145 145 145 145 1027 145 145 145 152 145 1027 256 145 1027
1084 798 744 1085 98 745 1084 798 1086 744 1085 98 745
1090 1091 1092 1090 582 684 1090 1091 691 659 101 1090 1093 704 684 684 1094 1090 1090 703 1090 1091 1095 355 1090 1091 1091 1091 1093 703 703 742 1091 1096 1090 526 1090 1090 526 1090 1093 1090 1091 1090 1093 355 1097 1090 1091 1090 1090 1090 659 1094 1090 1091 1093 1091 1090 1090 493 1093 101 355 1091 1091 15 1093 1090 1090 1091 1092 1090 582 1090 684 1090 1091 876 691 1093 659 703 101 1090 1093 704 684 684 1094 695 1090 1090 1090 703 1090 1091 1095 355 1090 1091 1098 1091 1091 1091 1093 703 1090 703 1099 742 684 1091 1096 763 1090 526 1090 1090 526 1090 1093 1090 1091 1090 1090 1093 355 1097 1090 1091 1090 1090 1090 659 1100 1094 1090 1101 1091 1093 1091 1090 1090 493 1093 1093 1090 101 355 1102 1090 391 1090 1090 1090 1090 1091 1091 1090 1090 1103 1104 1105 397 1090 351 1090 1090 1106 684 1090 1090 1046 1090 1090 1090 517 1105 1090 1105 1090 1090 1090 1091 1091 1090 1091 11 1093 636 1090 1090 703 1090 1090 1090
1124 1125 402 1124 402 402 1126 1127 402 402 1128 402 1127 1126 569 1126 612 612 1127 402 1129 1124 849 402 402 1130 1127 1127 1131 611 402 402 402 591 402 402 402 1132 1133 402 402 1134 402 1135 1124 402 1124 1125 402 1124 402 402 1126 1127 402 402 1128 402 1127 1126 569 1126 612 612 1127 402 1129 953 1124 849 402 1126 402 1130 1127 1134 1127 1131 611 402 402 402 402 591 402 402 402 402 1132 402 1133 402 402 1134 1127 402 1127 1136 963 1124 1124 1126 1124 569 612 1134 1137 1124 1126 963 569 612 1124 1126 402 569 569
1163 1164 1165 345 627 1163 1163 1166 1163 1164 1165 345 627 1163 1163 1134 1166 1167
528 796 528
727 557 314 1190 193 893 7 727 557 314 1190 193 893 7 7 7 1086 1191 193
1197 1198 193 1199 1197 379 508 1197 370 1182 1197 1198 193 371 1199 1197 379 508 1197 652 257 443
1200 359 1110 1197 1201 583 338 779 657 1197 1197 668 1197 309 1197 1202 1202 84 845 657 1203 1202 312 1204 42 1200 359 1110 1197 1201 583 338 779 657 1197 1197 668 1197 309 1197 1202 1202 84 1205 845 968 3 79 190 225 3 1206 89 234 89 776 315 79 312 1197 1205 492 193 191 1207 89 1207 496 728 684 42 3 1110 315 1208
140 140 142 1209 142 142 1210 142 345 142 142 142 345 1211 142 142 142 140 142 142 142 142 140 388
1212 95 1213 348 1214 1215 787 1094 1216 1217 1094 1014 1218 795 1218 1212 95 1213 348 1214 1215 787 1094 1216 1217 1094 1014 1218 1219 453 105
655 704 1082 704 32 1220 704 1221 32 798 778 186 787 655 797 704 1082 704 32 1220 704 1221 32 798 778 704 612 1221 1222 1223 925 1224 1225 32 234 568
1226 1160 1226 1226 1226 1226 1226 1160 1226 1226 1226 1226 1226 1227 1226 1226 1226 1226 1226 1226 1226 1226 1226 1226 1226 1226 1226 1160 1226 1226 1226 1226 1226 1226 1226 1226 1160 1226 1226 1226 1226 1226 1226 1226 1227 1226 1226 1226 1226 1226 1226 1226 1226 1226 1226 1226 1226 1226 1226 868 1226 1226 1226 1226 1228 1226 1226 1226 1226 1226 1228 1226
802 1229 657 95 1230 802 1231 95 1232
1246 1246 727 1246 1246 1246 1246 868 462 202 1247 462 1246 1246 646 462 990 1246 1246 1246 1248 462 1246 1246 1246 1246 727 1246 1246 1246 1246 868 462 202 1247 462 1246 1246 646 462 990 1246 1246 1246 1248 462 1246 1246 1246 1246 1246 1246 1249 1246 1246 1246 1246 1250
938 87 1267 966 1268 966 1267 91 1267 781 87 966 1082 709 848 966 966 724 1244 1267 1082 966 966 938 966 350 966 1269 966 87 110 1082 87 350 938 1082 724 966 938 757 1270 87 1267 938 87 1267 966 1268 966 1267 91 686 1267 781 87 966 1082 709 848 966 966 724 1244 1267 1082 1082 966 966 938 966 350 966 1269 966 1082 1271 87 938 110 1082 87 350 87 938 1082 724 966 1082 938 757 1270 87 1267 966 966 938 1082 87
433 767 433 767
1275 1276 275 1225 1011 754 1277 852 1278 1279 800 254 1275 1276 275 1225 1011 754 1277 852 1278 800 800 1120 441
1283 1284 716 1157 258 408 275 1285 1263 790 1283 285 1284 716 1157 258 408 275 1285 1263 790 435 158 1286 435 1286 89 1067 710 1287 994 241 323 1288 1289 1290
1010 605 175 4 1296 1010 605 175 4 1296
335 325 28 323 287 1223 1286 838 537 225 1299 323 735 1252 225 148 335 325 28 323 12 268 287 412 637 1300 1223 1286 838 537 225 1299 323 686 89 281 335 323 325 1301 519 323 323 323 1302 1303 492 186 323 1304 1305 1306 1220
883 194 883 194
1303 1338 287 15 1059 1338 1059 1006 1303 1338 287 15 1059 1338 1059 1339 164 1340 1341 1342 869 375
1343 1344 409 934 1345 1343 1344 409 934 1345
801 251 1346 1347 1347 1347 1347 1347 827 1348 801 251 1346 1347 1347 1349 1347 1347 1347 827 1348 1347 1346 1350 1343 1351 399
1352 1352 1352 1352 245 413 1353 1352 1352 1352 1352 1352 1352 1141 1352 1352 1352 1352 245 1352 413 1353 1352 1352 1352 1352 1352 1352 1352 1141 1352 1352 1354 1352 1352 1352
406 964 907 1355 1356 570 907 1357 570
107 1358 107 1358
1104 1363 1364 1365 1365 1366 1367 1364 689 1104 1363 1364 1365 1365 1366 1367 1364 689 1176
1368 766 192 367 1205 453 1313 766 676 1369 1370 1368 766 192 367 1205 453 1313 766 1371 790 341 1372 1373 453 1029 697
1382 1382 1382 1382 1382 736 1382 1382 1382 1382 1382 736
386 1020 1020 1389 593 860 1107 1320 1390 182 386 1020 1020 1389 593 860 1107 1320 1390 182
1391 1392 534 167
76 846 347 1407 509 1231 76 846 347 1407 509 1231
1408 1409 1408 887 172 349 1410 194 1411 1412 1413 1413 1412 1414 1415 1416 189 195 35 1417 370 1413 1408 1409 1408 887 172 172 349 1409 1410 194 736 1411 1412 1413 1413 1412 1414 1415 1416 189 195 35 1417 251 1412 1413 1412 1412 421
349 1127 582 637 582 50 1421 1422 1423 349 582 1026 349 1127 582 637 582 50 1421 1422 1423 349 582 582 1424 402 1280 1108 880
1432 408 1433 1434 475 194 1435 1436 1437 408 408 1437 1433 846 1432 408 1433 1434 475 194 1435 1436 1437 408 408 1437 1433 1218 488 1436 266 12 1438
333 679 333 16 365 709 64 589 904 1437 333 679 333 16 365 709 64 589 904 1437
540 835 835 835 759 1439 835 641 1440 835 1441 540 835 835 835 759 293 835 1439 835 641 1440 835 1441 1441 641 1442 1443
1217 1217 1445 1445 1217 1217 1445 1446
1447 1448 963 1447 444 1447 1448 963 1449 63 1447 351 1450 820 407
1451 1303 901 1451 1303 1452 901
1453 1158 1058 965 570 239 965 1158 965 1410 965 1453 1158 1058 965 570 239 965 1158 965 1410 965 244 75 1454 1219 1176 1455 698 1219 1219 14 240
676 1462 1110 456 676 1462 676 227 35 676 676 676 1462 676 1110 456 676 267 1462 676 227 35 676 676 676 676 676 1192 1463 1462 35 456 1464 35 860
1472 840 1473 7 496 1472 840 1473 1472 7 840
111 57 1477 1439 345 1478 95 844 126 282 433
470 605 470 1483 922 470 470 605 1187 470 1483 922 465 470 470 470
57 1484 1485 1485 652 435 57 1484 281 1485 1485 652 256 140 351 1486 1487 1259 1488
1489 815 1489 815
1490 1490 371 917 368 335 1490 1490 371 917 368 335 1491 1218 1492 1490
586 405 1497 1498 1499 111 1030 796 1095 1500 1501 586 405 1497 1498 0 1499 111 1030 796 1095 1500 627 394 293 990 990 874 394 720 1502 990 394 1498 66
150 1333 1143 231 246 1143 1503 1504 1143 1333 426 1505 1506 303 1378 1333 1333 1507 1508 1509 676 1510 1511 1512 1503 150 1503 1333 1143 231 246 1143 246 1503 1504 1143 1333 426 1505 1506 303 1378 1333 1333 1507 1508 1509 676 1510 1511 1512 742 1504 1513 1307
256
409 297 297 1517 409 297 297 1517 1518
1519 527 313 850 1520 1521 1522 1519 527 1055 313 850 1520 540 1521 1522 1432 1523 1037 1420 437 527 1286 1425
1065 373 70 1529 70 1065 373 70 481 1529 70 1530 407 1529 178 70 249
1531 987 1532 1489 1533 1489 1489 1532 1534 1489 1531 987 1532 1489 1533 1489 1489 1532 1534 1489 1489 1489 1489 1489 1533
1549 1549 107 20 1549 246 1549 1549 1549 1208 1550 1551 839 20 1549 1549 1549 1552 1549 20 1549 1551 20 1057 1118 1549 1549 1549 107 20 1549 246 1549 1549 1549 1208 1550 1551 839 20 1549 1549 1549 1552 1549 20 1549 1551 20 1057 1118 1549 577 1356 1553 1119 1554 1549 1555
112 202 1375 112 202 305 214 112 1556 112 202 1375 112 202 305 214 112 1556 251 202 1557 350 202
1078 1078
456 35 1562 132 1563 1564 456 35 1562 132 1563 1565 1564 1566 850 179 1567
1572 1573 303 925 236 1572 1573 303 925 1282 1131 1164 702 1410
273 1580 1581 1330 1582 870 326 1580 1580 1330 1580 1580 1580 1580 1580 1580 1580 143 146 1583 1580 1580 1580 1580 1584 273 1580 1581 1330 1582 870 326 1580 1580 1330 1580 1580 1580 1580 1581 1580 1580 1585 1580 143 1580 146 144 144 1580 273 860 1580 848 273 1580 1580 1581 1580 1586 1580 143 1584 1580 144 1580 1584 848 1580 146 1169 1580 139 1580 1587
439 1175 1588 1501 1589 1590 439 1175 1588 1501 1589 1590 1591 1076 1592 1453
1196 1389 1196 1389 925
351 1595 351 1330 375 1595
752 487 1596 752 39 1597 1317 1598 752 487 1596 752 39 1597 1317 1599 39 255 255
27 1600 1120 27 1601 27 430 1602 27 1600 1120 27 1601 27 1602 695 1603 27 1603 621 126 1604 695
1607 1580 256 1607 1580 256
136 884 256 786 293 46 1360 1163 1608 1609 1248 1360 25 1610 1611 582 601 1029 1208 786 1318 698 25 136 125 884 256 786 293 46 1360 1163 1608 1609 1029 1248 1360 25 1610 1611 1612 582 1605 601 974 1029 1208 786 1318 668 1419 205 66 786 282 205 45 513 205 1613 1614 75 539 1615
1616 801 1617 1618 109 1617 1619 1616 801 1617 1618 109 1617 1616
1620 788 1620 788
95 1627
1628 838 668 243 1629 349 1628 838 668 243 1629 478
1630 1631 1630 1630 1631 1630 1630
240
1634 806 1635 517 1636 884 1634 806 1635 1635 517 1636 884 1526 1402 830 1637 1638 806 1637 1639 75 75 91
1139 1640 1641 1642 1139 1643 1643 1644 1645 1642 1643 1646 1139 1640 1641 1642 1139 1647 1642 1226 1643 1643 1644 1645 1642 1643 1646 1643 1642 1644 1139 1440 1139 1139
89 333 64 1655 211 89 1656 802 282 772 89 333 64 1655 211 89 1656 802 282 275 625 1657 409
420 1658 1659 1545 420 1658 1659 247 600 1545 599
349 315 315 145 1660 1661 197 315 315 1660 1662 1663 315 870 315 1 1664 538 349 315 315 145 1660 1661 197 315 315 1660 1662 1663 315 870 315 1660 1 1665 538 538 1666 538 538 904 1180 538 538 538 538 538 538
1667 1667 1668 629 540 1669 1667 1667 1667 1668 629 1667 1502 540 1670 1669 1499 1671 1672 1673
1171 1678 1679 1680 1681 1640 1171 1678 1679 1680 1681 1640
1259 131 1259 131 1695 1696 1336 3 1589 1356
1708 1709 1708 1708
755 676 111 1226 1710 1190 1297 1297 998 826 1710 155 1190 1297 1710 111 1711 1712 1713 227 1297 826 755 1297 180 1714 755 676 111 1226 1710 1190 1297 1297 998 826 1710 155 1190 1297 1710 111 1711 1712 1712 1713 227 1297 826 1714 1714 1297 1297 1714 1604 1714 1715 1297 1297 1190 1268 1714 1297 1451 1297 1297 1297 1714 1715 1297 755 1439 1714 1714
690 77 1732 642 1733 956 1734 1692 326 1102 690 77 1732 642 1733 287 956 1734 1733 77 709 607 1733 1473 655 956 1733 1080 1735 1071 728 77 77
1070 99 88 1736 1737 1738 1739 1740 1712 1741 88 1343 801 1742 85 1743 1744 1070 99 88 1736 1737 1738 1739 1740 1712 1741 88 1343 801 1742 85 1743 1744 1745 1467 172 494
1750 328 1751 1750 328 1751
1752 180 1753 433 1113 1754 1752 180 1753 1259 433 1259 1755 1753 824 1248 1113 1753
1796 1796 65 1796 1556 1796 1796 1796 1796 1796 65 1796 1556 1796 1796 1796 1796 1796 65
619 0 1192 103 330 330 13 1797 557 1299 619 0 1192 103 330 330 13 1797 557 423 1299
1798 628 703 982 75 146 240 929
1799 540 93 1800 1801 91 1802 1799 540 93 1800 1801 1803 209 1804
1740 1740
1810 1811 1812 1810 1810 1811 1810 401 148 1174 1812 377 1810 1811 1812 1810 1810 1811 1810 1810 401 148 1174 1812 1813 573 1774 1810 13 1810 530 1812
1815 365 492 1492 349 225 1815 365 492 1492 826 1625 805 427 1671 1816
1827 377 541 1828 1827 377 541 1828 774 297 638 1071
614 614 1818
1834 674 1835 726 726 1635 1834 674 1835 726 726 969 1174 487 1787
1843 311 1224 1843 311 1224 1605 25 397 1088
1354 1846 1846 1847 1354 1846 1846 1846 57 287 253 1518
1852 1853 775 1295 1852 1853 64 775 1295 1295 203 0 522 534 817 100 775 0 1854 203
779 1855 728 779 1855 351 728 1856 728
868 785 868 328 785 66 1140 1438 627 39 1247 234 69
822 544 1182 172 1741 1314 1182 1837 1422 1440 822 544 1837 1182 172 1741 1314 1182 1837 1422 427 39 176 1356 240 75 349 788 1741 1865 1151 1866
1064
868 30 1705 868 1592 487 604 868 30 1705 868 1592 487 599 1592 515 830 30
1692 150 32 1161 1871 648 1872 1873 1692 150 32 1161 1871 497 648 1872 1474 1283 578 1283 136 33
1061 1874 530 1848 1061 1875 1062 34 1874 186 1876 530 1848 823 1877 767 420 1485 1120 626
1878 973 1879 1880 1878 1878 973 1879 1880 1878 1878 1878
530 4 379 1289 1881 69 1289 1787 69 1882 530 1310 1310 69 1110 530 4 379 1289 1881 530 69 1289 1787 69 1882 530 1310 1310 69 95 853 1110 1787 562 69 4 69 4 69 66 787
1883 1884 192 1023 1885 1883 1883 1883 518 1883 1884 192 1023 1885 979 1883 1883 1883 1883 1306 1883 1883 1883
1396 1088 729 1887 1088 729 1396 1088 729 1887 1088 1004 729 1888 1088
1889 1374 582 300 275 13 1889 1374 582 300 475 924
42 1692 42 1692
234 868 234 1703 7 445 1890 1891 1202 1384 234 745 1892 1384 805 1384 1181
669 287 793 12 366 1595 127 1564 1893 509 669 251 669 287 793 12 1321 366 1595 127 1564 1893 509 669 251
281 716 511 281 716 1911
1834 1834 1834 1791 1280 1834 1834 1834 1791 1280 821 906
441 859 1912 846 1913 287 441 859 1912 1914 441 1165 851
1916 924 165 75 1012 872 924 1916 924 165 75 1012 872 1404 75 1756 1917 1918
1919 74 346 210 427 1919 74 346 210 427 1401 1920
1636 1522 1522 375 1388 1030 1047 34 639 1921 1042 1032 1922 200 1694 513 1923 1924 1636 1522 1522 375 1388 1030 1047 1720 34 639 1921 1042 1032 1922 200 1925 1694 513 1923 1924 664 1522 326 1926 1737 1522 1927 659 200 55
1942 1943 1775 1595 1775 1595 888 1595 1595 1457 1595 787 1944 1945 449 1595 1946 787 1942 1943 1775 1595 1775 1595 888 1595 1595 1595 1457 1595 787 1944 1945 449 1595 1946 1947 1944 1933 1305 1946 775 1595 66
391 939 391 939 460
500 868 1656 500 868 1852 1764 509 1949 1351
1663 1663 187 809 155 1952 1663 1663 824 187 809 1953 155 469 824 824 824 824 1663
1954 760 760 264 1954 760 760 264 1774 760 760 760 1955 1956 1956
668 1407 529 420 668 1407 529 420 862
54 1136 1271 1501
1957 1568 1958 1957 1568 1568 1958 1192
1960 1157 194 194 1160 191 1961
1975 407 1975 1975 407 1975 1866 428
104 745 1986 1987 433 577 283 1987 1988 1989 1990 30 104 745 1986 1987 433 577 1083 266 577 283 676 1987 1988 1989 698 138 25 30 25 1828 1316 104 1991
395 1978 1978 395 1978 1356 1978 1978 1452 1978 788
461 743 1992 1556 1808 1023 1993 530 1994 1076 799
433 621 158 441 433 621 158 441
2005 2006 2005
668 186 668 186 186 2007 186 1078 1269 2008 274 1355
853 414 2003 2009 1886 2010 2010 2010 2010 1078 853 2011 414 2003 2009 1886 2010 2010 2010 2010 1078 2011 2010
1112 1117 44 1393 2037 2038 483 160 698 2039 1112 1836 210 1263 1556 798 225 1112 1117 44 1393 2037 2038 483 160 245 698 2039 1112 1836 210 1263 1556 798 1712 125
1838 444 621 1106 1838 444 2042 621
2043 407 593 1367 1506 2044 490 211 395 211 407 997 1828 1692 1692 427 407 407 2043 407 191 593 1367 1506 2044 407 490 211 804 395 211 407 997 1828 113 1858 70 793 1858 695 1858 612 804 371 1692
187 509 187 1277 922 509 1981 187 2045 187 509 187 1277 922 509 1981 187 2045 305 187
631 994 994 994 994 57 994 994 994 336 994 994 631 994 994 994 994 57 994 994 994 994 994 994 994 994 994 994 1014 994 994 1014 1014 994 994 994 2046 2047 994 994 994 994 994 994 1014 994 994 994 994 2048 994 994 336 994 994 994
1140 1396 8 423 441 1140 1140 1396 8 423 441 1140 923 3
182 555 246 331 330 77 748 527 1507 309 2062 246 309 1787 83 2063 331 287 555 287 182 555 246 331 330 1299 77 748 527 1507 182 331 309 2062 247 246 309 182 1787 83 1795 68 859
645 887 668 1868 645 887 668 1868 786
1317 14 1419 796 395 343 2030 627 1303 395 974 395 343 1317 14 1419 796 395 343 2030 627 573 1303 453 395 974 395 343
1830 2006 2069 99 2070 1830 2006 2069 99 2070 88 88 1743
136 1683 1573 149 244 136 1937 1683 1573 657 1716
1250 1783 1250 1783 2080 2081 349
2085 1143 214 1228 1198 2085 1143 1199 701 214 1228 577 1198 1193 701 1193 1198
64 2086 248 2087 1454 1327 574 1438 1454 695 64 2086 248 2087 1454 1327 574 1438 236 574 1454 236 39 39 695 1454
391 1231 259 490 1231 1396 391 1231 259 490 1231 97 2088
1507 94 107 2089 407 2057 1739 772 1507 94 107 2089 407 2057 1739 1247 772 669 298 925 654 1229 2090 2091 343 150 1305 772 2092 1911 797
12 1686 805 535 805 2093 12 805 2094 1686 805 12 535 805 805 12 805 293 805
1162 2095 584 2095 2095 2095 2095 409 2095 2095 1985 2095 2095 1162 2095 584 2095 2095 2095 1673 2095 409 1985 2095 2095 1985 2095 2095 1165 621 2095
2096 1110 1219 72 2096 2097 2096 2096 72 2096 2096 1110 1110 1110 2096 72 2097 2096 2096 2096 2096 721 72 2096
1192 305 155 733 733 313 155 1451 1798 1192 2098 305 155 733 733 313 155 1451 155 155 733 1192 155 733
2099 2100 2101 78 70 2099 2100 2101 78 70
1275 24 191 63 287 2102 846 256 2103 2104 2102 2084 2105 868 1275 24 191 63 287 2102 846 256 2103 2104 2102 225 804 1848 4 430 128 379 582 63 2043 1302
439 1266 368 674 324 674 2116 2117 439 439 2117 336 1663 1738 2118 1346 1346 441 2119 1322 40 421 376 2120 202 421 2121 439 1266 368 674 324 2121 674 2116 2117 439 439 2122 2117 336 1663 1738 2118 1346 1346 441 2119 439 963 2123 1266 747 370 584 1972 1665 439 2124 202 439
845 1043 1058 1167 845 1043 19 1259 12 2125 172
1286 2126 834 2020 1054 697 1420 2127 187 1351 1004 433 1014 1286 381 2128 2126 834 2020 1054 697 1420 2127 187 1351 1004 433 433 1014 1985
2134 1133 2135
2133 1146 1320 925 1106 2143 332 1106 2133 1146 1320 925 1106 2143 332 1106 1229 1140 2144 1905
332 607 2143 332 910 607 2143 2155 786 2156 2157
505 1917 649 519 1068 843 391 450 505 1917 649 295 519 1068 843 391 0 649 885 843 200 2158 514
1750 2159 1750 2159
1980 450 1980 450
925 323 323 2165 1899 934 323 925 323 323 2165 1899 934 323 728 1976 728 57
2173 2173 2173 2174 2173 1468 2174 1234 2076 686 2174 2174 2173 478 2174 2174 530 88 2174 884 847 2173 2174 2175 93 2173 2173 1634 2173 2174 2176 2173 1468 97 2174 1234 2076 686 2174 2174 2173 478 2174 2174 2174 530 88 2174 884 847 2174 2173 2174 2177 2174 686 398 1006 2174 2174 686 2174 2174 2173 884 2174 2174 2174
1685 1340 1941 2149 764 1685 1340 1941 2149 764
2183 2184 2183 2184
156 1072 156 1185 1065 1106 156 1072 156 1185 1065 1106 204 821
728 284 1347 653 2185 2185 728 728 64 2022 2185 697 2185 728 284 1347 653 2185 2185 728 728 64 2022 2185 697 728 2185 2185 124 2186 2185
396 1796 487 2187 886 355 1353 733 670 396 2188 396 886 1796 487 745 577 1796 2187 886 355 1353 508 733 2189 1736 2190
2191 2192 2191 2192
127 95 349 366 127 2195 95 349 366 349
2197 395 104 2197 611 486 1850 2197 395 104 2197 611 486 1850 4 1303
2198 643 2199 643 2198 643 2199 88 643 643
1651 1651 201 287 1778 698 1318 70
2201 1679 868 2202 1619 697 30 530 1381 409 2202 95 1671 868 2201 1679 2000 868 2202 1619 697 1844 30 868 530 1381 923 409 2202 95 2203 567 790 1619 1451 1254 594 1381 2203 567 2204 1381 285 2204
225 164 627 349 1306 1283 2205 627 1501 1386 560 104 2206 225 164 2207 627 349 349 406 1306 1283 2205 1501 627 1501 1386 560 104 2206
1296 2144 2201 1961 924 612 4 1611 1584 630 1296 2144 1651 2201 1961 924 612 4 2218 1611 1584 630 885 99 836 287 266 2148 772
2146 2146 431 805 2146 2146 431 805
314 319 458 1117 1584 2059 2219 281 133 1301 314 319 458 127 1117 1584 1403 2059 2219 2220 314 1489 2059 274 2221 1489
1522 829 1522 829
2222 2222 2223 2222 160 2222 2222 2222 59 193 2222 2222 2223 2222 160 2222 2222 2222 539 2224 541 66 2222 1514
304 1106 105 64 330 1195 330 346 346 330 304 1106 105 64 330 1195 330 346 346 330 295 330 2226 1251 180 180 346 330 1821 662 990 330 720
1259 55 256 1204 1259 55 256 1204 1778 1468 1254 1827
64 2147 2227 295 266 409 2147 1282 295 427 2228 742 295 64 2147 2227 2147 295 266 409 2147 1282 295 427 2228 742 742 295 295 1688 742
2229 1211 680 639 286 2230 269 2229 1211 680 639 286 2230 269
2231 741 2231 741 2231 2231 2231 2231 2231 2231 723 2231 2231 2231 2231 2231 2231 2231 2231 1906 723 2231 2231 289 2231 2231 2231 2231 2231 2231 2231 2231 741 2231 741 2231 2231 2231 2231 2231 2231 2231 723 2231 2231 2231 2231 2231 2231 2231 2231 2231 2231 873 1906 723 2231 2231 289 2231 2231 2231 2232 2231 2231 2231 2233 2231 2233 2231 48 2233
2209 1458 1458 1010
2234 1153 313 1650 2000 109 1050 2235 1764 1927 1650 2234 1153 313 1650 2000 109 1050 2236 2235 1764 1927 1650
1740 373 305 871 2095 2095 622 622 761 871 2095 2237 447 871 373 2095 284 2095 1740 373 305 871 2095 2095 622 622 761 871 2095 2237 447 871 373 2095 284 2095 1420 1984 2095 1985
788 1643 686 2238 1177 2239 529 490 529 788 1643 686 2238 1177 2239 70 529 529 99 529 884 1800
990 517 2240 785 884 517 183 785 893 990 517 2240 785 884 517 1592 183 785 2191 893 304 2191
1301 211 2241 313 338 2000 577 801 362 1726 1301 313 1231 1304 420 1301 211 34 2241 313 338 2000 577 801 362 1726 1301 313 1231 34 1163 1304 2066 409 789 34 1301 396 34 531 593
79 272 2242 1917 2243 272 677 79 1996 79 272 1996 2242 1917 2243 1275 272 677 79 272 79 1299 272 272 272 1996 272 272
2101 2101 2101 281 243 2101 2101 2101 2101 2101 2101 281 243 366 1590 1722 2101 2101 2244 2101 1836 508
2232 1406 2245 2232 1406 2245
2246 270 2246 270 895 1658 2247 668
1691 441 1606 1691 441 441 1606 433
742 627 1486 406 990 657 1117 627 627 742 627 1486 406 990 657 225 614 1117 627 627 187 1337 657
1334 1334 1350 1488 1334 1334 1350 1488 932 932 2256
2258 1873
277 0 147 858 851 2259 858 2259 2259 187 277 0 147 858 851 2259 858 858 2259 2259 858 187 300 319 1225 357 319 105 319 2221 227 1369 858 300 319 2221
686 645
1015 2260 1787
2257 1322 389 2257 1322 389 2261 2049 2049 2049 1685 2049 2049
1086 148 926 315 95 316 95 1086 148 926 315 95 315
932 361 932 932 361 932 932 932
149 365 149 365
1544 1989 1544
1084 1084
2042 324 2042 324 2028 2227 2266
655 1095 655 434 74 42 603 655 1592 1095 655 30 434 74 603 2268 655 1296 655 1092 655
1952 1952 1995 1304 666 2269 1952 1651 1952 1995 1817 1396 1304 1952 802 1708 1462 1708 733
1545 529
2245 343 994 2275 0 166 409 394 1839 1848 409 994 2275 1848 2276 2275 2275 820 124 2277 768 2245 343 994 2275 0 166 1848 409 0 2277 2275 1848 394 2275 2276 1839 1848 409 994 2275 1848 2275 2276 2275 2275 820 124 1848 1400 2275 409 409 2276 2275 1848 2275 1848 2275 1839 4 2275 572
868 2278 2278 2278 2163 868 2278 2278 2278 2278 2163 231 2278 868 2278 2278 852
2257 1948 1803 1043 64 2257 1948 1803 204 2145
1434 2201 1401 105 1434 1434 2201 1401 105 1434
365 303
1592 14 1980 1065 2286 697 1806 1043 2048 195 731 287 1592 14 458 2287 1980 1065 2286 697 1806 1043 2048 195 731 487 191 657 127 2287 1612 1777
2147 675 1202 1858 243 407 845 1792 2147 675 1202 1858 243 407 845 1976 527 2290
149 395 2294 149 395 2294 1236
257 799
1843 1932 2298 1605 189 2205 1345 1436 266 695 557 188 1843 1932 2298 1605 189 2205 1345 1436 849 699 237 986 1225 1333 758 763 1067 763
2299 1531 2110 2299 1531 2110 514 1357 843 843
996 1710 996 346 1251 346 1583 1710 346 1710 346 996 996 996 996 346 996 346 996 996 1710 1251 996 996 346 1251 996 729 346 346 1583 1710 346 996 346 1710 346 346 996 996 996 996 996 996 346 996 346 996 1710 996 1710 996 1710 996 996 618 1710 346
1485 627 2306 913 2148 1485 627 2306 913 968 1535 381 2082 75 200 1286 405 2307
64 545 247 64 64 2310 2310 2310 2310 545 247 64 895 1214 46 1048 964 349 2310 2311 2312
1207 252 311 1207 252 311
165 792 165 480 792 1691 2000 531 1658 480 2314 1989 748 396 256 480
1259 1014 858 2103 427 1259 1014 858 2103 427 1356 1152
487 1313 1649 487 1313 1649 668
926 1531 89 274 267 1531 926 1531 89 274 267 2189
2315 2316 345 2317 1827 345 857 2317 1012 1811 1439 345 763 345 2315 2316 345 2317 2317 2317 1827 345 857 2317 1012 1811 415 2316 479 2316 2317 2316 84 1330 2317
2017 34 249 1117 2017 34 287 249 2318
1112 2320 1110 2321 1112 2320 1110 2321 2092
1870 2325 631 1870 2325 213 631 1870 210 2326 2327 1870 2327 830 699
499 1084 146 1182 1192 1057 499 1084 146 1182 1192 1057 1551 170
563 1489 64 522 928 2328 2320 563 1489 64 522 928 2328 2320
1052 2025 1446 482 1052 2025 1446 482 1446
792 2337 1562 1799 16 792 2337 2338 1562 669 149 842 884 2007 1374 2330 300 2011 2
251 2339 2339 474 2340 251 2339 1754 1507 2339 2339 2341 2276
675 1157 675 868 1620 675 1157 675 2342 2342
1866 225 826 809 1866 225 826 809
1719 1597 247 645 645 645 247 408 1792 95 645 487 1719 1597 247 645 645 645 247 408 1792 95 645 1035 645 668 1035
870 1027 505 870 2000 1027 870
55 55 1061 1522
2344 2345 720 2344 2344 274 2345 720 2344 2346 2347 420 1025
786 891 256 1164 1651 1001 2349 643 698 2176 1175 18 649 2350 25 1095 1924 1050 786 34 891 256 1164 1651 1001 2349 643 78 698 2176 1175 18 649 2350 25 1095 1924 1924 1715 1295 790 697 1165 256
1458 2330 1391 1458 2330 1566 1418 2045 479
1776 1405
2353 61 2354 2353 2353 61 2354 2353 380
434 434 2146 434 434 434 434 434 2146 434 434 210
594 2356 962 536 2357 594 2356 962 536 2357
2359 56 56 2360 2359 56 56 2360 56 1253
842 1472 818 621 64 121 2035 1425 675 1365 827 573 2361 1472 7 322 974 1819 902 687 1657 1521 632 2362 2046 1195 164 2363 1671 842 1472 818 621 64 121 2035 1425 675 1365 836 827 573 2361 1472 7 322 974 1819 902 266 687 1657 1521 632 2362 64 2046 884 1213 1020 2364 1343 1865 1452 893 141 698 820 1656 842 2365 2035 2035 1068
1579 1579
967 2370 967 2370
1898 839 2371 2371 2371 652 2371 1898 839 2371 2371 2371 2371 2372 427 652 2371 2371 146 642 2371 13 779 779
211 617 75 1308 1343 211 617 75 1308 1343 2364
1 788 2373 1656 2373 1 788 2373 1656 1221 1913 1 842 1342
407 407 407 407 407 1058
132 2375 725 774 1843 1123 567 893 2114 2376 2377 1084 132 2375 1859 725 1605 774 2042 1843 1123 567 557 893 2114 2376 2377 345
379 781 2378 379 781 2378 2379 2379 851
494 1790 127 1479 1087 652 653 1556 701 535 2022 2380 285 704 494 1790 127 1479 1087 652 653 1556 701 535 2022 2380 285 704
71 477 997 997 71 997 477 321 997 71 71 531 76 71 1757 477 997 997 71 997 477 321 997 71 997 997 1555 997 71 477
957 957 957 957 962 957 957 957 957 957 957 957 957 957 957 957 957 957 962 957 957 957 957 957 957 957 957 957
1182 509 509 509 1986 509 1087 578 1182 509 509 509 1986 509 1087 578
2385 2385 2385 154 1967 2385 2385 2385 1967 2385 2385 2385 154 1967 2385 2385 2385 2385 2385 2385 2385
2396 512 2397 1834 1489 584 1893 790 790 2396 512 2397 184 1834 1489 584 1893 1062 697 1062 697 1062 1062 1893 1062 1893 1062 1893 1062
1231 2092 1307 1231 1231 1231 2092 1307 1231 1231 1150 802 1231 70
345 2404 672 1414 2405 1284 346 345 2404 672 1414 2405 1284
420 2074 1458 697 657 420 2074 1458 697 657
27 27 1648 66 1512 2086 1992 27 27 2292 1648 1015 66 1512 2086 1992 669 883
1920 1920
627 342 64 358 64 342 358 64 1455 64 805 95 805 64 64 985 627 342 64 358 64 342 358 64 1455 64 805 860 95 805 860 64 64 64 64
695 2411 655 1989 2411 167 695 2004 695 2412 695 2411 655 695 1989 2411 167 695 2004 695 803 1194 582 2165 2411
1595 481
2413 617
2414 2333 1056 2333 515 2414 2333 136 1056 508 2333 515 888 2235 2415 972 1143 55
2417 377 2418 2419 524
256 256
1275 1275 536
2421 14 1186 2421 14
206 64 1458 1138 102 2406 1138 675 1801 111 730 102 2377 103 230 1645 206 64 111 1458 1138 209 102 2406 1138 675 1801 111 1645 730 102 2377 2000 346 102 346 2377
1439 614 785 785 2424 728 1439 614 785 785 2424 728 455
349
2169 2098 160 633 2426 697 657 599 2427 405 1738 2169 2098 160 633 201 2426 697 657 599 2427 343 187 1272 2428 2429 201 2169 104 593
589 2054 654 2432 589 2131 2432 2432 2131 2432 589 2054 654 2432 589 2131 2432 2432 2131 2131
2433 2426 806 2433 2426 806 1919 1069 698 825
1917 2434 2435 2435 1879 1917 2434 2435 2435 1023 1879 2436 276 634 149
1843 569 1067 588 805 411 72 323 1259 1843 569 1067 588 805 544 772 1385 411 323 72 323 1259 1784 406 712 712 859 2437 627 237 191 12 1434
1593 2294 1593 1507 1593 1507 2438 1593 381 1593 2294 1593 1507 1593 1507 1593 2438 194 2358 1157 1593 1960
25 25 95 2369 1201
427 427
1458 1804 64 54 854 356 207 1750 1458 1804 64 974 54 854 356 207 1750 2293 439 560
1229 1333 1141 1229 1333 1141
2439 275 888 1079 1504 451 888 888 849 888 1221 2440 2080 1356 2439 275 888 852 1079 1504 451 888 888 849 2061 888 275 720 1221 2440 1504 888 849 2441 720 888 1504 1500 888 1194 1966 1356 888 142 261 888 1891 1471 1471
209 360 1371 584 360 1985 209 360 1371 580 584 360 1985 1371 1371 781 1371
2407 2407 2407 2407 2407 2407 2407 651 2407
1429 1429 1429 1429 1429 1429 1429 1429 1429 1429
172 1983 353 910 1324 2391 1686 172 1983 353 910 1324 2391
1965 1965 1434 1965 2449 89 127 1965 1965 1434 1965 2449 127 1965 2011 2449
1095 951 1009 643 1087 2450 193 842 1608 722 2451 1095 951 1009 643 1087 2450 193 842 1608 722 2451
342 342 570
1378 381 792 1589 1378 381 792 1589 788 210 1885 1885 1511
2452 1486 976 1982 1275 2452 1486 66 976 1982 1275 785 785 841 64
2453 2454 30 2453 2455 2454 30 1192 409
2456 2386 871 2033 2386 2386 2033 2386 2033 2386 2386 871 2033 2033 2393 2386 2456 2386 871 2033 2386 2386 2033 2386 2033 2386 2386 871 2033 871 460 2456 871 2386 2386 2386 285 1474 2457
2075 150 256 2460 2075 150
385 792 319 856 903 50 2461 385 2462 792 319 856 903 2463 1967 1973 2463 319 50 319 2463
715 95 95 95 806 95 310 2101 399 715 95 95 225 95 806 95 310 2472 2449 399 1140 946
1719 323 1343 1719 323 1343 323 1416 323 323 323
1918 1657 883 788 1918 1657 425 883 1067 127 1010
775 1985 2475 775 1985 2475
2050 98 2122 2321 2050 98 2050 2321 2050 2050
1723 12 2274 1860 1723 1723 1666 172 1666 2274 1723 12 2274 405 1860 1723 1723 1666 172 1666 1376 2479 1666 307 187 88 618 1821
2480 605 2481 1524 2480 605 2480 605 2481 1524 2480 605
70 1084 1084 653 70 2030 70 26 1084 1084 70 70 482 1084 1084 653 70 1084 2030 1084 70 26 1084 482 70 70 657 1084 910 809
344 2482 2483 344 2482 2483 742
1206 2487 2488 2435 14 1832 2489 1716 583 2487 2435 2435 1656 2490 1206 1716 2487 2488 2435 14 1832 2489 2487 236 1917 2435 2487 2435 236 534 2487 236 2487
2067 589 2491 1879 564 42 2492 1851 564 2067 589 2491 1879 564 42 28 2492 1851 564 1773 111 66 209
2370 1617 2370 1617 1617 1617 1618 1617 1540 2370 1617 1617 1617 2370 1617 1617 1617 1540 2370 1618 1617 2370 2370 2370 2370 1617 1617 1618 1617 2493 2493 1617 1618 1617 1617 1617 1617 1617 1617 1617 1540 1617 1617 1617 1617 1617 2370 1617 1617 2184 1617 1617 1617 1617 1617 1617 1617 1617
1078 1694 577 2494 1078 1694 577 2494 1519 266 520 2314
343 1162 700 659 343 1162 700 659 659 394
693 1909 2495 365 1997 265 693 1909 2495 365 1997 265 1909 841 188 538
667 49 667 49 646
2059 1787 1424 1886 64 2059 1787 1424 1886 64 1787
542 542 514 1905 1968 2496 1731 542 542 514 1905 1968 2496 1731
2320 1471 1112 2498 2450 1110 2320 1471 1112 2498 2450 1110
793 1543 1850 538 662 793 1543 1850 538 353
27 786 75 42 1486 27 305 1008 0 798 115 201 786 1517 27 1089 786 75 42 880 661 1486 27 305 868 657 1187 66 748 1117 83 205 1981 66 845 661 657 748 616
0 0 1826 1089 1089 1011 2127 64 1581 531 868 1011 1011 1160 313 155 64 0 0 1826 1089 1089 1011 2127 64 1581 531 868 1011 1011 1160 313 155 195 2499 64 64 1011
1705 1705 2501 2061 1538 833 2501 867
912 1581 1737 912 1581 338 1737 1076 1699 266 520 2447
2340 383 805 2095 347 841 64 384 433 2340 383 805 3 2095 347 841 64 749 384 433 3 1196 442 638 479 2290 619 797 1304 1815 479 1348 210
2506 2506 56 56
1634 136 2011 2491 845 2007 500 1251 1634 136 2011 2491 845 1251 1251 1251 2331 636 1452
1422 1458 555 675 1310 695 406 582 1155 1345 1163 311 1163 1422 2027 1422 1458 281 2042 555 675 1303 1310 695 406 582 1155 1345 2052 1163 1092 430 1345 884 2507 627 2508 657 2509 2333 274 427 354 842 617 742 695 1088 349 1089
1163 2088 1163 2088
2344
1290 1290 1290 1749 1290 1290 1290 1749 234 233 2337
2087 201 2512 2087 201 1519 2512 2362 928 295 2513
2228 342 2228 342
1879 653 2066 779 779 779 1879 653 2066 779 779 779 2098 779 1202 779 742 177 1688
1231 343
223 1692 223 1692 1439 627 2516
70 1092 70 70 1769 70 1626 1092 70 70 1626 1769
1258 2275 1258
836 13 1069 2059 2436 632 836 2517 13 1069 2059 315 13 2488 2518 99 365 2436
11 11
1275 1275 20 1275 1275 20 20
64 1185 1067 1275 64 1275 1185 1067
1936 287 778 2519 1936 682 287 778 682 682
1012 1015 1012 1015 1556 2520 1556
1214 1612 2293 1502 448 1612 1214 1612 2293 1502 448 1005 1612 2293
2523 2524 2524 2525 2524 993 2523 2525 1675 2524 2523 2524 2514 2524 2525 2524 993 922 2523 2525 2523 2526 2524 1675 2524 2514 2526 2524 227 2524 2524 227 2524 2524 2524 1226
1706 804 1522 304 1670 1373 1373 1706 1522 804 1522 1858 42 1522 375 932 1048 1401 508 1522 1670
910 225 172 910 225 1311 2276 1818
493 744 884 788 411 534 2426 493 744 884 788 411 842
2532 2267 1941 2532 2532 2532 2267 1941 845 2532
163 361 1424 1424 403 166 163 168 1424
2534 1187 2322 1609 12 173 826 1262 2535 1698 212 2322 2534 1187 2322 1609 12 173 826 1262 2535 1698 457 2361 1366 1182 174 2536 896
2537 638 2039 1591 2537 638 2039 1247 1012 1282
1937 1427 1937 1427
1837 767 2130 1837 1120 767 2263 2130 1120 773
736 470 2538 2297 470 2539 1658 2539 2140 736 470 2538 2297 470 2539 1658 2539 104
1501 2540 1882 2541 1501 2540 1882 2541 1882 176 176 1280 2297
1634 1634 2542 634 1634 1634 2542 1634
46 2459 75 1106 46 2459 75 1106
2440 14 2440 14 2113
1866 1671 1361 1246 1866 295 1246 1671 1246 1246 1246 1246 1246 1356 1246 1246
1330
1191 311 332 965 266 315 1310 1191 89 311 842 1930 332 965 266 315 349 805 66 1096
427 539 531 733 923 149 1493 1925 513 39 511 427 539 531 329 733 923 149 1493 1925 513 39 513 539 2546 513 2547 1983 375 168 182 2404 545 1151 1432 149 733 246
1565 2036 1565 2036
673 673
847 2326 2017
2561 2562 2561 2562 2562
657 72 693 458 816 522 1151 657 72 693 458 816 522 1151 478 1971
281 716
1571 2567 830 256 1637 30
1180 720 1180 720 1308 574
7 184 229 7 184 305
1579 229 1579 229
526 526 526
790 2570 736 2571 1686 790 2570 1571 736 2571 1686 1740 1571
1754 1754
971 1395 742 82 971 1395 742 634
1164 1699 1699 2573 2573 172 2573 63 66 2573 845 1357 142 1545 1164 1699 1699 2573 2573 886 172 2573 63 66 2573 845 1357 142
1204 1994 1204 210 1015
1609
254 126 754 1088 2426 254 657 788 126 754 1088 115 555
2543 1631 2543 1631
121 601 2404 1737 243 1767 121 601 2404 1737 243 104 794 2578
784 2579 1522 784 2579
1217
2573 775 846 2580 1783 2573 1264 2552 775 2581 846 2580 1783 372 1497 488 1415 488
412 2582 50 336 789 627 868 607 805 412 2582 50 336 789 50 627 669 841 488 1050 2275
704 612 171 704 612 582 171 347
2131 2131 2131 2131
1120 2584 1420 315 1148 2585 1120 2584 1420 1480 315 1148 2585 252 1480 2586
676 1568 175 643 757 2202 99 1677 2587 1568 1955 1666 1217 676 1568 175 2202 1904 365 643 757 2202 2095 99 792 1677 2587 1568 1955 757 704 1568 1217 395 1217 175 804 804 1217 1568 984
2228 2228 1325 64
1500 354 665 139 511 1818 1500 354 665 139 511 1818 1370 1247 145 254
0 309 2588 353 0 309 2588 353 926 22
636 1401 1401 83 636 1401 1401 83 655
118 343 804 1848 636 1026 118 343 804 1848 636 1026 2424 126
2591 1310 1251 395 865 745 2591 1310 1251 395 865 2165 238 668 77 617 500 645 77
42 42
1421 631 2008
648 687 318 1037 2435 1771 1918 95 1898 1275 77 648 687 318 1176 1037 2435 1771 1918 95 1898 2593 310 2594 2594 1277 77 1878 2594 95 311 2594 1898
2595 1004
2596 2597 2597 64 2597 2597 2597 2597 2598 2597 2596 2597 2597 64 2597 2597 2597 1705 2597 2039 2597 2598 2599 2597 2597 2597 2599
2600 2426 2600 2028 2426 2600
620 2197 620 2197 2601
742 514 2602 1716 742 2603 514 2602 697 1716 1728 657
2606 1590 1992 2606 1590 1992 346 441 346 2606 2607 346 346 2309 680
1592 2335 281 864 250 2225 1474 2335 535 25 1592 2335 281 864 250 2225 1474 1986 451 2335 95 1029 2609 1029 1415
2201 2227 2539 2201 2227 2149 1515 1737 1669 275 1280 2610 1767 1243
1665 2611 1665 906 1453
66 1339 2011 1402 1339 171 1340 2249 2145 66 1339 2011 1402 1339 171 1340 1439 519 112 1340 112 2010 679 944 1340 944
1885 1885 365 240 783 1885 1885 365 240 1522
2616 167 1433 2617 2616 2617 1659 1649 183 2617 2617 1433 2616 167 1433 2617 2616 2617 2617 1659 1649 183 2617 530 2314 491 2617 925 1121 2617 2617 491 2617 491 1481 2617 491
136 1643 774 136 1643 774 774 1064 1643 533 533 774
2426 802 2205 413 2077 1971 63 395 1237 395 395 2426 802 2205 413 2077 1971 63 395 1237 395 1092 409 343 413
2619
1662 1662 1662
1479 1015 1788 1479 1015 1788
105 927 365 330
2624 2045 1778 140 1153 2624 2045 2045 2045 277 2625 1778
969 139 969 717 139 2229 2054 290
1006 2568 1073 2007 1006 2568 1073 2007
1468 33 1468 33
2438 874 349 2438 874 349 349 349 345
1182 1458 712 1312 1182 234 1247 1671 2030 688 1495 363
1327 322 1232 1783 1371 386 183 2442 821 1979 1327 322 1232 584 1783 1371 386 183 2442 63 720 2632 1361
868 2409 868 868 2409 868 264 895 2633
2108 2538 1076 643 2108 2538 443 1056 762 240 443 2390 1351 621 2223 2189
544 544 2565 1133
2636 2636
2637 470 202 1305 921 2638 1943 2637 470 202 1305 429 657 697 2444 788
75 75 2639
1593 1593 1889 136
2640 617 1324 2641 1271 2640 246 934 2165 445 2640 617 1324 2641 1271 2640 246 934 2642 2424
668 1835 148 343 1062 530 1897 668 1835 530 148 668 787 1490 530 1835 530 787
2498 39 2498 1158 43
2620 7 1192 654 569 1192 2620 7 1192 654 103 7 1949 7 203 776 868
1705 40 1705 40
2644 2644
169 169 508 352 657 430
697 275 1301 27 27 697 275 1301 27 27 2064 1064 379
895
990 805 990 775 990 990 805 990 775
1447 1447 2645 2645 1198
1083 1083 99 77
1258 567 1258 567 94 1737 12 1747 24
1345 1976 1224 1345 1345 1985 1645 1645 1345 1976 1224 850 1345 1345 1985 1645 829 1007 1007 1345 1111 1345
1495 1386 1495 26 1386 1222
2587 514 1341 1232 66 593 2626 2587 514 1341 2587 2623 1232 66 963 1136 1700 593 1012 2654
2655 2131 1151 1912 2655 2131 1151 518 1023 1923
1237 669 1321 1237 669 1321 1449 2531
868 1556 197 804 508 868 1556 197 804 508
2659 2417 722 2286 2286 2659 2417 722 2286 2286 501 872
742 1007 487 2395 1343 638 1427 515 742 1007 487 1971 2395 246 2393 1683 1343 638 771 1479 1007 724 1437
43 15 2660 1169 43 15 2067 956 956 1543 1336 2622 515
412 287 1720 1321 492 412 287 1720 1321 492
1092 394 2585 1092 394 2585
75 195
331 136 546 331 136 546 331 618 2314 104 912
35 2145 1981 578 665 1110 35 2145 1981 578 665 35 131 578 1996 665 202 202 578 1555 1065 430
14 663 14 663 1136
387 158 2666 191 387 158 2666 191 263 2607
974 409 974 349 409
346 1424 1179 346 486 1424 1179 582 441 200 2161 1371
342 2290 2311 513 1313 342 2290 2311 1396 201 281 670 1493 321 1140 1683
893 822 805 1290
1479 2586 2667 127 1274 1479 2586 2668 2667 127 1274 306 2562 645 2669
14 247 14 247
1487 313 1389 1479 1487 313 1389 803 1479 414 620
1716 2672 2235
1107
2677 2677 2033 1332
2678
2082 697 1737 2082 697 1737
395 2029 395 2471 2029 1100
785 95 95 2224 785 95 95 2224 2125 868 95
1380 2679 212 2125 1380 2679 212 1812
633 2680 630 1264 1971 1516 266 508 294 633 2680 630 1264 1971 1516 266 508 2535 508
2068 1136 243
27 256 158 27 256 158 1610 497 565
127 456 127 456
574
845 1797
847 847 2023 847 2195 2683 847 2684 847 847 2023 847 2195 2683 847 2684
180 1525 963 637 346 1233 963 754 963 754 180 1525 963 1989 374 374 189 374 441
968 2669 968 59 1612 1542
1986 1764 2315 401 1341 16 1396 1221 1606 2603 607 1986 1764 2315 401 1341 16 1396 1221 1606 2686 1489 515 2512 1952 956 1398
2363 662 1826
142 142 142 142 142
100 787 2658 100 787 2658 2691 1952
2482 2058 328 2482 2058 2388 1371 405 1272 383 1941
2392 571 3 2392 2263 571 3 251 488 788
911 1311 281 911 2671 911 911 911 2671 1311 281 911 2671 500 2528 270 983 2214
2084 2592 286 1303 2592 15 2084 2592 286 1303 2592 666 15 2694
2695 806 851 2695 806 851 1419 167
395 395
1760 1760 669 1760 1500 2178 1760 1760 669 2479 2490 2039
569 734 569 410 782 569 734 569 569 2697 323 597
374 2025 374 377 390 2457 374 374 390 2698 374 390 374 461 374 374 390 2025 374 377 390 2457 374 374 374 390 2698 2457 386 374 390 374 374 2091 2091
2052 627 2052 68 669
2415 621
1100 1100 240 830
148 344 344 2699 344 148 344 344 2699 573 2580 1151 622 573
12 746 368 1301 368
236 236 2700 745 779 779
1525 1769 420 697 509 1427 790 2269 1525 1525 1769 420 697 509 1427 790 2269 1525 165 642 420 697 837 804 1303 790 1241
386 365 386 365
514 1434 842 2098 225 1169 1151 925 2058 1470 1601 842 445 2329 256 514 1434 842 2098 225 1169 1151 63 925 2058 1470 1601 842 445 2329 2132
0 0
395 853 1421 395 853 1421
2705 2098 2379 2705 893
337 1120 1436 337 1120 1205 352 2263
2707 2708 2707 2707 2707 2708 2708 2707 2708 2707 2707 2707 2707 2708 2231 2707
1005 211 1614 1310 118 211 1005 211 1614 1310 118 211
1007 79 1007 79 86
1967 1967
825 825 1224 668 825 825 197 1224 668 668 668 2709 2709 63
584 584 584 584 584 584
1317 406 1317 406
1504 1504 1787 395 85
837 859 1050 837 859 1225 365
598 1292 592 862 598 1292 592 2092
2714 2714
247 1356 247 1356 2262 2715
2716 95 1372 351 2716 64 95 1372 351 688
1513 1513 1513 285 189 2301 1513 287 1513 1513 1513 7 1182 494 1785 908 1315 494
1612 1226 2148 1612 1226 2148
119 128 119 128
441 1057 1057 441 1057 1347 637
1175 2033 1175 2033 2246 2189 957 686 2717
2567 2567 1836 2567
740 2336 2665 165 13 2148 2148 1458 740 2336 674 2080 2665 165 2718 13 2012 780 2148
682 0 2419 682 1493 0 1275 1530 441
1644 514 530 514 136 1458 530 1950 2719 1644 514 530 514 136 1458 530 686 1950 1396 1061 519 786
1778 1341 1023 1144 1778 1341 1023 621 363
1117 29 95 1071 1117 29 95 1071 2631 527 1009 21 21
343 2635 1859 487 343 2635 1859
1068 1068 227
1956 1956 1956 1956 1956 1956 1956 1956 1956 1956 1956 1956 1956 1956 1956 1956
1275 868 263 1514 1275 868 263 2722 1514 956 45 420
1106 1985 631 1106 1985 631 511 95
582 66 1479 1921 289 251 582 66 1479 1890 1921 2435 2361 1545
2320 868 2320 2320 868 2320 100 100 2320 1426 2723 530 1110
1229 482 792 965 410 618 1229 482 792 965 410 618 1806
2149 2149
227 49 667 2309 2503 227 49 667 2309 1662
4 1310 722 1423 1723 4 1310 1947 722 1423 1723 210 1605 630 1658 66 20
2728 2436 1743 1645
927 927 2373 64 706 614
413 244 1553 390 1414 2103 2730 542 2730 413 244 1553 390 1414 1250 1306 1971 2467 2731 1361 2730 395 2322 68 2103 2730 1505 2103 191 395 191 488 1896
1146 2344 110 2732
663 663
2460 2460 56 56
973 973 88 648 68 848
188 209 795 204 169 558 573 169 795 795 2417 169 1341 827 2091 827 558 352 795 1649 115 1764 7 352 204 1243 1480 188 209 2733 795 204 169 558 573 169 795 795 2417 1833 169 1341 827 2091 827 558 1955 352 2394 795 1649 115 115 1432 1134 169 1341 352
514
407 785 1480 303 679 956 1876 407 785 1480 303 430 679 1088 407 42 2559 2559 785 1501 1508 884 430
8 2470 2734 197 8 2418 2734 1875 2227 1875 1875 2418 2734 479 2298 1307 2669
46 2735 88 1290 643 1696 643 643 1696 643 643 643 46 2735 88 1290 643 643 1743 1696 643 655 59 643 15 643 1743 643 1028 715 739 643 643 643 643 1743 643 643 643 643 643 643 643 643 1117 1028 1090 643 643 643 1743 643 643 1743 1743 643 643 1743 643 1696 643 1364 643 643 643 643 643 1161 138 1467 643 643 643 643 643 2736 643 643 643 643
164 266 287 164 266
127 2578 1789 127 2578 1789
486 1064 750 486 743 1064 681 712 2665 211 12 804 642 659 241 24
1250 251 1211 1594 1985 246 1250 251 1211 1594 681 1143 2646 577 1191 426 1985 907 2737 792 572 248
2509 2509 227
236 236 236 1479
183 183 24
913 2738 871 913 2738 1157 1
1626 987 279 1876 66 1385 1626 987 279 1876 66 279 279
676 676
209 427
1763 1263 1885 1763 1263 1263 2644 2502 1763 1212
1879 1568 2740 328 1879 1568 2740 328 2275
1175 1175 1539
1807 885 13 1807 1807 885 13 1807 525 1061 539 1061
2741 1705 42 2741 1705 42
256 256 1076 657 1106
60
2596 204 2596 204 1439 2480
279 2375 272 632 2742 118 272 1254 279 2375 272 648 632 2742 558 1230 839 365 661 158
1627 1199 1705 1627 1199 1705
13 775 926 276 13 775 926 479 316
2491 973 910 2491 973 910
1507 2743 2608 1500 1500 2744 585 2745 387 1507 2743 2608 1500 1500 2744 585 2745 2742 1500 1446 148
154 2746 1417 154 2746 1417 154
7
12 644 287 1997 30 12 644 34 1993
2749 1499 697 672 2750 710 2749 1499 697 672 2750 2750 1 1769 305 1851 2750 726 1696 453 705
672 788 672 2386 1345 263
516 2751 1730 535 1467 2752 1075 516 1149 516 2751 1730 535 1467 2752 1075 516 2752 31 2753
2029 1571 1023 1571 1571 1711 2029 1571 1023 1571 1023 1571 1711 2010
1263 1263 1236 697 331 1841 619
199 90 1009 172 374 199 90 1009 172 261
1536 1706 1706 2483 1635 1536 1706 1536 1706
1479 657 781 753 1479 1095 781 732 420 1095 1636 1479 657 781 753 1479 1095 781 732 420 601
1268 646 1787 2135 1268 646 1787 2135 2610 1598
2541 2541 2029
510 1947 1276 510 1947 1276 1700 1489 1163 716 2701 319 1185
923 923 1250
442 860 2757 1979 442 1979 781 860 826 2757
1313 1313
1600 772 657 1600 772 798
731 731 95 198
1515 68 788 2761 905 2698 1029 1515 68 788 2761 905 2698 492 1029 492 1271 68 2037 2762 256 2605 1778 2442 338 2763
675 2109 1159 123 571 675 2109 1159 123 445 159 127
754 1317 127 1010 2485 430 1140 810 1395 131 1021 754 1317 127 1010 322 2485 430 1140 342 804 2030 1458 1458 1458 13 1769 343 923
923 2764 1303 2765 923 2764 1303 2765 274 2764
703 649 703 703 703 703 649 703 703 649 703 703 518
1308 620 190 2543 793 343 1308 620 190 190 2543 1308 1194 1224 1515 793 1605 2766 1400
745 745
2598 1170 430 2598 652 1170 1076 2124 828
1078 1009 1952 1603 2768 1522 2769 1078 1009 1952 1603 1952 2768 1522 2770 2769 697 1078
1068 2125
595 2468 595 2468 675 95 250
1220 281 709
530 530
1777 1776 530 530 1777 1776 530 530
2675 1772 64 2238 2675 1772 1722 791 230 2046 1924 1924
2771 1116 2346 540 2771 1116 2346 540 2426 1827
1094 1706 1094 1706
1286 530 2669 1036 1615 1286 530 2669 1036 530 1615
1226 1226
1224 2402 926 1187 1224 2402 2635 926 1708
878 2176 95 878 2176 95 878 1203 1203
190 2293 845 849 2149 190 2293 845 849 2149 1901 2293 1158
622 2392 742 622 2392 1437 1409
72 27 72 186 1924 1012 1420 1463 1282
2773 2773
2000 2295 2394 2000 2295 2394
318
237 237 297
346 2777 346 2777 651 2239 578 1997 2056 2778 877 202 1161 1093
743 743
61 2780 1789 1291 1690 2353 2781 61 2780 1789 1291 1690 2353 2781
1740 413 349 132 604 213 2477 2603 1036 1740 413 349 132 604 213 1182 399 274 874 2782 868 868 2383
1705 2297 2287 1705 2297
843 186 695 109
2248 2784 100 2248 2784 100 675 672
2440 1977 2440 1977 1009 763
424 800 863 1463 2785 424 800 863 1463 2785 424 1285
893 2009 893 2009
927 13 927 13 685
132 2650 859 0 132 2650 859 0 0
830 976 830 976
1594 120 120 1594 120 467 214
164 2764 315 2533 2788 2479 2764 164 2764 2789 2788 1397 315 2419 2533 2519 2113 1165 2788 1990 2646 2649 2722 1397
1493 1859 1859 1493 1859 1859
3 2664 3 95 2691 617 242 3 531 3 2664 3 3 1590 966 1310 2188 871 3 3 2692 3 3 957 577 2790 2188 3 2270 1310 614 3 3 588 2698 1538 1310 3 2356 875 64 3 3 2293
1623 304 1623 304 675
2168 637 2168 637
565 158 565 158 2311
123 798 409
2714 1627
2738
202 2603 1913 1410 841 422 202 202 665 2603 1913 360
1639 1639
1475
2677 1182 1110 2677 1182 1110
1383 854 854 854 304 1625 1163 1383 854 854 854 1625 304 1625 1714 164 806 1785 1163 2263 2791 346 846
1467 421 1467 421 44 66 741 2792 2360
2027 338 1789 381 2027 338 2559 185 172 2318 240 1403 1356
348 233 227 348 2202 1903
2479 990 441 2479 990 1275 1645 1300 1621
834 834
845 0 329 845 0 329 511
87 1813 87 1517 1813 87 1813 87 1517 1176 1813 866 926 1813 1078 2620 1037 2487 274
503 530 715 1192 503 233 1512 1677
524 1249 524 1249
180 180 191 620 1887 339
242 242 1227
770 770
843
1641 368 1641 2085
66 582 66 831 66 508 56 1593 66 66 582 66 193 66 831 66 498 109 1910 296 1447
799 1036 582 2800 799 1036 582 2800 650 2720 2786 1015
362 570 994 362 1939 570 994 1850 2801
1504 1504
1103 1656 1656 1656 481 636 2524 1103 1656 1656 1656 481
148 148
1924 276 251 175 1924 276 251 175 514 2347
351 69 2185 2250 351 2185 191 69 2185 2802 2185 2185
745 745 674 266 745
488 191 2293 2620 488 191 2293
338 159 338 159
792 1372 1372 27 792 1372 1590 1372 1791 1791 1590
2565 256 2565 256 631 1069 348
890 127 2803 2642 2640 2803 890 127 2803 2642 2640 2803 2347 2803 2804
1136 1541 1136 115 87 150 884 1328 1374
77 742 514
2594 1818 138 2594 852 1818 2479 649 211 790
2022 365 2022 1234 89 573 594
1089 2061 1089 1089 2061 142 409 1180
1084 1084
376 380 2409 699 15 2807 70 444 376 380 2409 699 15 2807 63 214 304 968 796 1282 341
2061 772 2061 162
220
7 331 7 331 399
1239 2808 1057 2809 1239 2810 2808 2810 2811 193
1879 2156 1879 2156
213 2039 213 419 2812 2481
2760 2760 1632 2760 2760 1632
805 246 465 805 246 2432 603 603 246 805 754
2813 693 2813 77 684 1043
127 1220 1420 191 2095 127 1220 2095 64 826
95 193 95 193
2344 1487 175 246 2344 1487 175 966 314 2815 274
2817 248 1160 2818 1185 2819 1064 128 1582 2817 248 2820 1160 2818 995 809 2818 809 809 809 2818 956 2363
30 868 1916 30 868 1916 1257 1596 1596
45 581 407
1819
106 246 106 2142 676 233 2492
2178 742 2178 2487
305 305
792 2649 627 792 893 2649 315 790 1787 790 79 310 2487 772
87 522 87 87 2673 538
236 2744 676 1897 236 236 1897 1535
14 202 790 127 42 14 2821
619 619 2298 2822
513 893 513 893 212
2049 2823
2249 1451 652 2578 2249 2249 1451 746 71 323 988
899
542 542
354 530 354 530 931 970 530
1637 1637
648
2519 144 1732 144 2519 144 1732 144
934 710 1069 390 934 925 710 934 913
281 636 281 1465
2832 2832 1579
1627 1406 1627 1406 1577 290 1627 1577
847
1028 1028 2409
881 2132 2098 881 2132 2098 118 1601 2144 2098 2098 149 831 533
1258 1071 1258 1071 805
1139 1139
2423 573 2834 2423 573 2834
387 387
2835 98 2835 2836
1483 1516 1483 1621 690
1164
1357 1971 1728 189 1357 1971 1728 189 514 1950
64 1282
734 734
225 225 95
2518 2518 2163
159
207 2643 207
1495 1290
2239 2239 1303 1105
488 488
796 796
608 608 200
1229 1229
304 1850 304 254 304
840 373 729 840 373 373 1789 1280
142 64 142 64 64 64
394 1264 394 1415 1204 1415 645 1415 875
1414 570 1818 1414 570
71 796 15
1564 1592 1564 0 1365 427 864 617 1194
2790 86 2790
657
444 1121 276 505 444 1121 749 407 749 865 1315 1658 363
390 390
649
2753
2518 2518
691
2745
1002 1303 1364 806 1002 1328 281 210 1002 1301 191
529 420 529 420
1335 1077
1379
1088 722 1088 722
13 13
2286 2286 274
998 998 998 1268
2215 2215 16 1343
481 128 1441 2480 481 128 2061
1426 1426 1426 1426
801
1439
2843 2843
524 113 524 113
2147 2332 2147 2332 836
2845 2845
790
210 1500 1500 210 800 1500
2847 858 2847 858 323 272 1458
345 3 345 3 585 557 868
675 618 722 675 618 441 391 792 433 745 1458 2724 11 745
2159 2159
1093 684 1093 1275 1512 889 2058 693 685
910 910 822
1850 1850 1282 2403
190 1400 190
1981 1981 187
1688 1688 745 246 745 1143 2021
2709 2709 1989
318 318 1230 274
2569 2569 2569
847 56 847 2851
772
2145 2592 2145
2234 2234
2071 2071
1080 274 13 1080 274 13 821 2442
1754 1754 2337 2337
88 848 2491 2197 88 1351
1254 1254
1627 1627 839
266 266 375
225
430 657 430 657
2704 2704
749 749
1556 1556
58
1677
883 2197 2588 1504 1504
2497 304 1121
2167 1819 846 790 2148 13 1620
367 1570
1593 1593 2551 764 1846
1120 1237 2332 175 1918 234
203 1769 372 2514 1821 1507 838
290 560 1343 349 1343 799 1439 672
845 70 70 582 14 657 1686 1187 675 1536
605 467 585 1190 613 222 200 222 2538 585 55 585
662 790 1837 110 619
7 1664 379 6 509 205 281 1664 496 6 6 205
287 446
1897 1714 2472 1897 2567 2587 1897
1433 883 883
617 2517 883 2853 1273
244 2855 705 488
582 169 867
2097 375
1777
1856 1308 2531 1994 295 2713 1275 1659 2659 95 668
14
990 751 1891
27 703 1460 7 2235 187 1424 1460 2438 180 1460
130
1590 1499 349 95 2466
64 1313
2046 89 921 1084 2830 676 46 1861 2303 291 1299 1366 1980 390 2856 1364 412 2857 2017 704 2243 822 386
1120 1140 1356
245 1494 245 120
593 482 482 482 698 717 63
518 651 2858 518
574 2859 2859
100
256 513 2350 70
1494 1671 2227
1541 448
1135 1955 1135 1955
1055 709 2398 709 1439 1055 1043 1067
62 95 95 137
1511 1226
2001 2001
1741 2863
1318 509 509 1536 1160 1361 736 365 1841
1972 227 1972 290 1565
115 349
43
110 2744 1021
1385 767 1354 2352 767
790 2145
1765
1393 77
1106 218
575 1553 2335
2770
1254 256 1732 2182
1525 669 669
2868 1805
274
675
2567 2526
58 1168 387 1168 754
285 657 260 1115 1314 1048 401
121 307 2049 2869
2247
385 544 1686 2210 229 697 790 736 285 1686 10
2044
6
541 1696
697 411 1817 18
886
70 745 241
1275
2722
191 182 2586
1488 488
2811 1681 779 429 2669
1009 125 668 668 297 282 1303 1395 2262 66
1353
1687
488 382
2620 2620 349 2620 2620 2620
792 395 246
1926 25 213 1922
2276 1390 1175
2654 2116 256 295
805
334
996 405 642
2624 409
2305 2305 901
1005 704
395 479
27 80
1322 1925
2601 2601 1511
490
1640
64
626 323 729
2873
1091 1101
382 382 382
361 58
842
1591 349
1578
638
1507
214 2624
743
672 675
2105
530
1568
668 2609
2596
1157
95
973 973
1415 1806
982
