0 1
2 3 4 5 6 7
3 8 9 10 11
2 12 13 14
2 12 19 13
20 21 22 23 24
25 26 27 28
29 30
69 70 71 72 73 74
99 100 101 102 103 44 89
104 105 106 107 108 109
115 116 117 118 119 120
121 122 123 124 125 126
127 128 129 130 131 132
133 134 135 136 137 138 139
144 145 146
147 148 149 150
163 164 165 166 167
182 183 184
189 190 93 191
198 199 200 201 202
214 94 215 216 217 218 219
78 81 220 85 221
226 227 228 229
243 244 245 246 247 248
256 257 258 259 260 261
262 263 264 265 266 267 268
271 272 273 274
275 276 277
278 279 280 281 282
286 287
290 291 292 293
294 290 295 292 296 297
298 299 300 301 302 303 304 305 306 307 308 309 310
127 299 315 316
317 318 319 320 321 322 323
332 333 334 335 336 337 338 339 340 341 342
348 349 350
351 352 353 354 355
360 361 362 363 364 365
366 291 367 234 292 368
382 383 384 385 386
387 388 389 390 391
403 404 405 406
256 415 416 417 418
422 423 272 424 425
434 116 435
443 444 445 446 447 448
456 457 458 459
460 251 461 462 463 464
465 466 467 468 469
470 471 472 473 474 475
485 486 487 476 488 489
496 497 498 499 500
501 502 503 504
505 497 506
507 508 509 510 511
512 513 514 515 516 517 518 519 520 521
536 537 538 539 540
548 549 550 551 552 553 554 555 556 557 558 18
559 560
571 572 573
582 61 583 584 585
594 595 251 596 597 598 599 600 601 602 603 337 604 605 606 607 608 609 610 611 612 613 614 615 616 617
621 121 622 623 624 625 626 627 628
622 634 635 337 636 637 638
639 640 641 642 643 644
343 645 646 647 464
648 649 650 651 652
665 666 667
249 679 680 681 682 683 684 685 686 687 688 689
690 691 692 693 694 695 696
697 698 699 700 701 173
249 708 709 710 711 207
712 713 200 471 714 715
724 407 725 726 727
728 729 730
746 747 748 749 750 751
752 753 754
755 756 757 758 759 760
764 765 766 537 160 767 768 769 664
770 771 772 773 774 775 776 777
778 779 780 781
116 807 808 809
819 820 821 822
823 824 825 826 827 828 829 830 831
832 833 834 835 836 837 838 839
843 844 845 846
880 881 882 883 760 884
885 886 887 888 889 464
895 896 897 898 899
900 718 901 902 903 904
921 922 169 923 924 475 879
582 933 934 935 936 937
938 939 940 941 942 943 944 945
956 660 105 330 957
958 959 960 961 962
963 964 605 965 966
967 968 969
978 979 980 981 982 111 983
214 984 985 218 986 987 988
1003 1004 1005 1006 1007 1008
