0 755
0 92
0 335
1
1 32
1
1 32
1 319 709 772
1 66
1 66
1 308
1
1 448
1 299 527 586
2 213
6 466 485 556 647 735
7 41 298 479
8 10 548 782
9 224
9 281 373 431
9 68 69 567 581
9 65 129 284 288 365 519 543 544
9 567
9 138
9 80 81 153 161 166 223 224 330 331 342 434
11 334 335 746
11 12 13 555
16 513
16 271 276 423 535 814
16 513
17 56 57 301 492 568 795
21 465
23 24 155 176 606 762
29 362 416 524 526
30 144 145 461 462 463
31 34 280 635 759
33 61
36
36 347 796
36 327
36 315 796
36 87 183 199 522 796
37 70 403
39 40 87 243
40
44 54 355 417 656
44 112 355 432 538
46 383 643
49 162 380 505 760
50 367 437 630 638 650 769
50 115 376
50
52 53 424 446 648
53 424
53 233 234 516 613 683 700 740
55 76 204
55 692
55 678
55 170
55
55 56 302 411 786
55
55 296 302 640
59 164 274 342
61 165 232 504 806
63 219 583 728
67 548
73
73 635
73 514
77
78 814
78 766
78 766
83 241 254 397 624
86 658
86 658
87
87 88
87
97 148 218 396 407 472 476 483 486 561 697 698 725 747 815
102 105 785
104 689 808 814
107
107 278 592 813
109 110 312 403 404 721
111 150 510
114 242 601 787
114 632 651
114 294
114 306 388 439 456
116 131
117 118
127 128
128 532
128 154 791
134
136 158 159
137 535
140
141 496
145 197 493 545
145
145 316 357 803
146 201 412 424
147 473 552
151 361
158 587 748 822
158 174
161
163 183 246 398
168 424 810
170 386 625 669
171
172 211 213 596
182 477 735
189 584
189
192 591
193 591
196 679 745
198 814
200 293 430 618 729
202 330
203 576 787
208 728
213 215
213 826
213 215
216 326 383
217 218
219 564
219
219
219 391 728
219 722
219 358
219 665
219
219 263 374
219
220
220 673
220 348 415 558 616 622 741
221 633
225 317 611 658
226 426 614 735
228 276 546 610
235 250 827
237 323 342 734 825
242
244 649 814
246 718 720
248
252 303
256 343 732 761
257 675 680 681
265 350 727
267 749 820
272 808 809
276
276
276
276
276
279 321 396 653 756
290
290
291 413 482
295 296 297
303 770
307 313 383
311 762
322 413 765
332 591 814
335
342 508 518
343 695
343 695 702
344
350 528 557 754
350 517
351 812
353 690
353 694
355
355 731 792 793
356
362 507
364 412 496
369 513
370 796
372 413 460 480
378 473
380 381
380 382
380 644
387 566
393 735 824
396
401 403 436 475 703
402 403 436
403 414
403 414
403
409
410
410 814
412 694
413
419
419 694
424
424
424
424
424
424 438 489 714 728
427 440
451
451 572
457 576
473 487
473
473 490 491
484 550 787
489 655
496
499 501
501 571 773
511
512
512
513
513 576 787
513 764
513 523
514
514
520 814
530
535
548 666 782
560 814
566 714
571
580 817
582 717 766
591
591
591
599 818
621 648
626
634 641
641
662 814
679 680 744
689 763
694
695
695
701
704 814
714
714
722
757 796
762
777
810
814
814
814
814
