8 59 70
47 87 114
33 45 138
8 23 43 56
91 128
39 117
5 114 143
143
48 58
23 63 93
8 12 23 24 46 52 61 63 64 76 77 116 140
12 23 43
12 77
109 131
45 146
27 33 76
8 64 116
12
37 50 89
71 117
27 110
1 57
86 137
58 75
4 20 44 116
37 48 78 135
2
41 107
17 46 52
2 115
86 114
1 2 8 63 85 93 117
66 85 117
6 65 70 71 97
12 57
83 117
27 45 138
41 120
57 64
2 128
3 93
20 116 125
47 104 114
1 2 11 41 58 63 66 74 78 85 111 117
8 61 63
85 139
29 41 51 62 65 97 120 145
46 68
79 101
1 2 8 9 14 21 41 51 63 74 79 85 93 111 128 129
63 93
77 140
23 56
62 133
20 136
20 33 45
1 2 8 23 43 85 93 117
55 129
20 23 116
26 99 108
39 41
4 20
17 33 46 76
37 53
2 95
78 90
43 132
77 138 146
1 29 41 62 65 122 133
12 57 64 118
115 129
73 132
44 57 125
1 23 136
1 4
6 62 65 70 97
43 57 93 108 116
2 85
15 24
37 85 99 135
4 20 23 61 63 116 127
20 44 57
28 79
1 125
100 104
8 75 80 112
73 86
61 148
15 25 43 47 54 55 86 90 104 108 114 132
1 8 23 63 93 115 117
70
20 43 44 108 125
55 73
107 120
59 80
20 44 116 125
45 46 76 138
61 125
54 86
19 128
4 20 116
23 64 118 140
55 86
5 25 90
8 132
23 111
87 132
57 115 118
1 117 129
3 61 77
2 55 93 115
2 75 129
5 25 47 55 114 132
103 117
33 138
45 112
29 41 51 62 65 97 120
20 23 61 63 116
3 115
29 145
27 76
68 69 96
63 115
101 141
24 43
44 137
56 111
20 23 61 63 108 116 125 140
2 140
55 114 132
69 86
15 115
123 142
34 106
14 32 93
5 55 87 114 132
17 138
24 33
41 122
25 114
44 127
46 57
37 88
102
109 113
8 23 61
71 86
4 32
20 108 116 125
45 69
1 29 41 51 62 65 71 107 122 133
108 125
115
1 147
17 33 46
25 47 55
45 46
104 132
17 20 44 116 125
27 33
8 56
11 61
115 118
62 112
8 141
3 118 127
59 79
2 40 72 75 80 95
33 45 46 112
1 29 41 51
27 45 53 68
17 36 46
11 37 48 50 58 78 85 89 91 99 135
24 57 64 118 140
37 85 117
12 77 118 132 142
2 40 72
70 101
62 120 128
23 63 117
6 39 65 70
58 132
4 17 20 45 116 125 136
1 41 66 85 117 129
106 144
22 42 67 81 119 121 131 144
6 62
43 104 132
39 95
90 123 142
106 121
43 55 132
20 33 45 112
56 63 115
45 46 76
18 44
2 41
54 88
1 29 41
15 104 132
61 104
23 77
54 90 137 143
43 55
68 96 138 146
107 112
15 114
20 116 136
5 25 47 54 55 104 114 132
17 45 76 138
79 135
23 93 125
20 23 61 63 116 125 140
8 23 61 63
17 52
50 85
41 120 145
47 55 87 114
54 55
69 96 110 138
6 39 70
25 55 104
48 85 89 99
2 129
41 58 62
6 19
25 47 55 104
68 110
15 104
18 109
29 41 51 62 65 97
5 55 87
110 112
33 45 46 69 76 138
93 144
114
45 69 138
28 136
23 57
115 140
24 64 118
55 130
4 20 44 116 125 127
72 75
1 51
66 117
27 45
8 23 63
55 143
62 65 71
104 108 116 125
33 45 53
111 137
23 24
45 53 138
56 57
62 137
14 60
63 74
6 74 111
2 41 85
2 41 61 85 136 148
20 57 108 116 125
43 104 108 132
12 57 77
1 11 41 66 74 78 85 117 129
23 43 57 93 104 108 140
46 96 138
4 44 108 125
6 29 41 51 62 65 97 107 120 136 145
55 87
8 12
63 64
4 20 44 108 116 125
40 80
1 2 74 85 111 117 129
61
1 129
86 136 137
27 45 76
73 90
11 115
5 55 132
43 108 140
55 61 132
20 44 108 125
61 129
15
54 90
23 102
33 53 112
23 52 77
1 4 12 23 41 43 44 57 63 64 118 125 140
6 65 71 97
18 144
2 56
43 57
41 133
24 64 140
37 135
8 77
140 147
33 142
26 37 48
56 125
28 63
90 123
23 93 104
28 148
4 92
56 102
33 86 112
70 80 95 101 145
22 42 67 119 121 131 144
3 132
139
37 59 78 79
7 102
1 41 65 97 107
131 137
33 96
25 47 55 104 132
1 63
53 110
65 84
86 143
5 47 55 114 132
2 61 63 140
27 36 46
27 45 46 76
18 32 84 92 109 130 131
1 29 41 51 107 133
36 45 69 138
61 63
79 117
33 86
53 64
15 73
71 90
61 63 140 147
20 44
23 63 93 115
123 136
44 108
2 111
11 58 85
4 20 44
22 42 82 106 119 121 144
33 76
37 46
20 33 45 136
4 18 32 44 84 109 130 137
8 145
1 20
73 125
32 93
36 45 53 110
47 108
27 45 68 69 138
1 2 41 56 85 115 117 129
54 62 137
62 129
43 115
23 63 85
2 55
81 119
3 56
84 130
63
45 138
56 147
17 76
65 71 97
39 59 80
17 53
57 125
76 138
23 104
1 85
5 55
45 68 138 146
80 95 112
61 108
30
33 46 52
36 56
1 66 85 117
86 142
20 53
82 144
40 147
17 20
41 148
1 2 11 41 58 72 74 75 78 85 117 129
8 39 59
17 56
30 74
71 112
1 52
37 91
17 33
67 119
86 132
56 111 117
75 95
32 44 130 137
45 53 68 112
39 70 145
23 61
6 62 65 70 71 97
40 91
20 33
63 111
4 32 44 116 125
72 79
45 69 96
86 99
108
30 54
6 111
104 125
85 111
23 136
1 62 133
7 28 60 129
1 117
54 55 132
28 107
6 88
6 85 111
21 104
54 137 143
52 56 76
61 140
73 114
1 4 12 20 41 43 44 51 57 108 116 125
37 48
56 61
62
54 137
4 41 84 130
41 59
55 130 148
8 147
43 104
59 85
2 63 72 85
27 68 69 96 138 146
1 120
5 90
77 115
1 23 85
23 116
28 51
7 28
87 137
34 131
140 148
113 131
58 115
34 144
21 61
7 126
43 57 93 104 108
19
23 43 140
33 45 76
36 45
56 139
6 29 62 65 97
61 63 93
20 108 125
113 121
90 137
8 104
43 57 93 104 108 140
41 51 62 65 97 112
13 102 126 134
43 61
11 48 78 85 99
23 77 115
93 147
2 80 95
3 61 77 140
53 68 110
90 114
1 41
33 110
56 93
108 140
71 86 142
4 20 116 125
62 65 97
1 20 23 61 63 116 125 140
4 65 98
97 107
22 113
67 121
2 40 72 75
59 117
61 77
20 23 116 136
44 109
86 111
120
119 144
8 63 115
17 20 45 112 116 125
1 8
23 63
54 136
23 148
37 48 128
15 64
25 90 143
7 60
79 85
119 121
63 77
8 61
39 59 70 80 95 101 112
104 114
27 45 112
93 104
74
1 29 41 62 65 97 122 133
59 120
25 54 90
79 98
17 33 36 46
2 79
68 110 138 146
51 120
23 38 93
59 97
52 57
41 84
54 103
39 123
23 115
56 63
43 93
84 131
1 29 41 51 62 65 107 133
109 131 144
1 132
6 65 112
41
39 136
42 119
55 57
56 138
68 112
1 122
29 41
25 73 132
41 51
93 104 148
25 43
75 129
27 45 69 96 138
8 30 39 49 59 70 101 141 143 145
57 104 116
20 44 116
20 44 57 116 125
6 70
43 73
44
4 18 44
12 63
23 108
34 106 131 144
6 80 112
23 77 140
5 47 55 114 132 136
8 41 61 63 85 136 140 148
97 142
1 29 41 51 62 65 97 107 112 122 133
44 108 125
27 110 138
6 145
1 4 41
13 53 69 138
5 47 55 104 114 132
6 19 29 41 62 65 78 85
56 118
1 2 8 21 23 38 43 74 79 85 93 117 125 129 130 148
79 85 99
23 85 93
36 96 138
27 96
20 57
60 129
27 53 110
58 61
59 142
6 19 59 65 70 80 145
98 133
5 87 114
47 55 86 104 114
27 45 68 138
6 8 39 49 59 70 95 107 112 141
50 78 79 85 99
39 59 70 80
64 76
108 114 132
1 29 41 51 62 65 97 107 122 133
1 6 29 41 51 62 65 107 112 120 122 133
70 128
6 8 30 97 123 141
6 112
11 78
63 125
1 29 41 51 122 133
52 115
39 145
45 76
2 114
38 93 129
41 51 62 65 107 112 133
12 56
6 62 65 71 97 112
86 90
37 85
57 63
62 65 71 97
2 79 117
63 79
8 63
2 55 72 95
1 41 65
1 41 65 97
36 110 138
22 82
28 98
5 114
27 138
33 69
39 59 70 145
85 115
23 140
41 62 133
47 55 90
12 23
2 58
20 112
43 108 132
24 118
33 45 53 112
17 36 46 76
57 116 125
61 63 140
8 115
41 63
42 144
1 43 57 85 125
20 125
43 108
54 83 117 136
28 65
61 63 117
5 47 55 87 114
20
15 108 132
4 20 125
36 46
108 116 125
47 55
24 108
56 140
33
54 108
96 110
41 59 120 145
86 90 142
65 122
57 118
80 101
8 118
4 84
8 12 23 63 77 115 118 140
131
33 45 46 53
90 128
63 147
23
4 97
17 36
47 55 61 104
45 138 146
139 141
57 108
144
55 147
39 59
4 44 57 108 116 125
70 103 128 143
95 112
127 144
46 76
68 69 96 138 146
6 39
20 33 112
23 64
115 147
65 66
29 41 51
134
42 121 144
28 63 79
53 69
45 76 138
55 114
71 86 123
114 137 143
55 87 114
44 113
85 114
26 64
70 107
86 104 132
27 53 68 138 146
33 52 76
56 64
2 93
17 46 52 76
1 133
23 63 136
20 57 125
54 117
20 44 57 108 116 125
23 129
51 79 136
41 62 107 133
23 116 125
41 75
1 2
12 23 63
2 85 111
55
59 65
47 90
59 101
19 28
12 63 140
57 140
61 140 147
77 118
104 108
41 51 97
8 140
74 85
3 61
1 136
22 42 67 82 119 121 131 144
41 65
