13 88
32 101
76 107
29 32
199 214
144 278
1 22 171 321
7 66 76 108
56 286
36 48
25 155
30 233
2 171
80 81 326
268 290
52 95 270
30 122 193
8 92 116
27 109 323
72 317 320
173 174
219 290
134 219
87 107
95 149 152
205 276 303
38 107
78 179
217 230
1 80
152 249
17 61
108 179
112 298
291 300
249 303
87 241
232 236 241 264
4 47 48
105 295
5 89 197
82 247
37 122 127
91 252
98 174 317
159 199 202
145 288 299
29 111 252 277
77 209
223 263
195 201
181 266
179 193
51 156
68 96
171 194
91 101 115
145 269 299
170 171 188
125 199
264 277
55 87 247
28 37
74 153
51 169
238 261
241 266
61 64 65 114
31 163 192
46 212
13 35
90 218
35 282
150 269
81 169
172 287
245 277
160 169
60 231
8 41
27 54
100 173 317
199 282
61 114 116
55 237
96 275
25 102
85 116
217 272
61 65 116
17 92 107
92 179 206
105 216
159 244 297
270 283
36 116
107 108 130
11 288
145 288
31 58 209
77 163 175 186
57 175
136 145 272
245 261 267
152 183
64 70
22 73
85 101 115 130
85 129
30 193
175 176 179
24 119
43 132
103 183
22 27 155
105 229
16 33 65
36 38 181
77 130
186 302
98 189
203 242
174 184
17 237
75 178
107 130
186 194
5 6 217
12 18 243
12 243
89 197
49 184 196
189 320
26 33
19 259
280 300
299 313
39 93
75 149 151
26 153 167
202 272
7 33
199 203
30 58 221
32 211
21 318
26 167
58 132 163
71 152
136 281
62 103
12 105 106
103 183 189
122 238
120 165
147 263 297
106 230
139 178
166 281
124 284
84 193 206
144 301 305
30 127
175 222
78 289
110 241
215 294
22 128
11 235
37 76 108
268 305
12 112 243
106 243
5 112 197
3 7
141 142 172
2 22 279
33 115
237 245 277
54 174
78 302
37 88 239
22 141
209 233
161 192
147 257
207 308
105 297
108 302
75 125
111 186 245 277
184 297
49 72
216 249
145 166 202 269
58 77
5 150
10 265
29 32 101
21 131
58 198
56 88
111 186 277
93 155
51 158
11 172 293
257 263
9 305 316
9 134
178 191 209
150 258
16 29
81 158
32 85 86
74 155
159 199
81 279
6 105
63 173 184
159 320
103 159
9 268
118 174
219 226
18 72 246
157 287
55 239
113 217
30 182
112 272 301 305
98 177 188
4 48 115
99 174
7 76 94
202 258 288
11 61
145 290
32 85 115 130
29 115
32 38 121
133 172
108 115
71 72 326
217 287
133 293
11 303
144 166 269
98 126 320
205 290
107 132
118 170 196
258 301
170 188
58 132
6 134 229
88 240
225 245
1 271
13 108 259
22 167 271
77 266
47 94
299 315
17 84 220
63 75
213 248
29 111 277
102 151
207 257 326
69 95
280 315
63 317
134 197
13 47 117
56 277
206 221
13 92
29 36
28 37 85
22 173 196
84 93
120 275
199 256 296
64 114
73 171 173
94 108 115
17 138 139 198
78 170
138 221
280 281 303
94 114
113 134 259
32 33 61
87 111
77 163 175
64 127
215 296
61 116 232
65 115 116
126 187
272 278
98 125
87 232
161 181
59 170
43 310
77 79
256 310
272 291
176 206 209
87 245
191 302
223 254
216 251
22 75 279
281 316
49 195
118 126 194
183 195
20 249 259
172 265
149 318
82 264
6 112 134
147 148 297
51 281
20 150
55 107
165 275
112 272 305
41 101
25 93
203 213 215
150 273
55 87 246 286
97 117
50 271
36 107
200 215
3 28 101
76 179
20 104 217
4 47
113 219
57 58
84 161
43 123
26 75 128
18 295
145 268 269
11 292
98 180
60 100 174
59 225
25 149 167
107 121
170 177
54 231
100 118
18 222 262
11 305
105 134 229
174 188
9 141 316
235 269 303
258 303
216 306
12 197 249
292 301
13 112 259
75 303
81 102 271
239 266
41 47 97
241 312
67 196
141 145
144 150
33 61 64 130
102 153
32 94
16 86
26 279
148 161
25 27
150 207
136 272
175 181 206
5 104 230
317 320
148 282
36 41
157 223
110 111
159 269
136 285
263 326
12 112 113
106 113
64 116
110 232
84 216
120 169
57 84 220
166 285
158 162 169
119 173
94 116
173 180
11 118
52 119
82 127 186 302
84 108
31 181
50 231
126 170 317
56 236 277
7 85 92
11 239
249 296
100 173
17 175
200 296
113 216 228 306
5 20
43 312
32 33 76
142 291
49 158 168 187
256 312
88 176
6 18 219
72 87
19 197
83 186 277
21 243
72 208
176 178 206
176 302
6 216 217
148 203
134 216 243
72 100
39 152
144 205
145 166 269 276
7 92
55 82 246
51 283
16 33
169 275
172 280
229 262
205 268 285
144 205 293
101 220 221
5 90 134
18 55
44 45 46
71 72 196
7 76 85
44 229
145 281
71 103
207 215 227
224 281
30 186
1 128
80 128
21 22 187
73 125
218 219 229
232 236 241 312
205 281
56 264 286
57 302
95 158 275
163 176
22 75 323
225 236
288 292
54 125
22 321
47 85
258 305
260 314
174 177 187
125 126
292 303
181 206
63 187
26 39
28 85
28 32 115 116
87 247 266
151 155
192 193
141 147
9 235 316
143 156
60 158
5 222
250 255
2 153
141 268
185 274
27 102
207 213 223
27 128 318
29 148
113 263
78 79 220
136 166
78 161
13 217
25 271
159 271
9 112 235
136 287
196 274
108 161
71 279
122 244
281 293 305
101 121
224 228
77 178
219 298
32 33 65
175 228
73 180
159 184 199
49 50 187
3 121
196 287
108 174
94 239
290 299
37 56 135
77 191
71 81 326
33 121
286 301
172 287 316
142 293
161 306
54 180
88 178
112 306
93 148
24 314
26 323
190 202
141 202
39 154
148 326
172 265 287
241 261
7 94
227 326
41 92
113 197
72 207 256
118 275
69 275
8 36
172 268 305
90 105
55 232
104 112 243
30 175
90 226
131 227
11 283
49 180 231
64 65
147 184
105 224
17 111
61 117
4 42 47
98 184
142 172 281
177 184
94 186
214 251
38 61 130
40 71
22 26 167
232 241
30 58 82
107 246
21 22 323
5 90
49 133
68 146
21 71
5 211
32 85
63 189
177 188 292
61 264
151 157
53 265
70 205
231 271
275 314
122 210 221
9 316
6 89 134 230
8 91
144 145 299
66 76 108
64 107
18 288 299
31 206 302
38 91
149 152 189
166 276
18 112
13 104 226
30 122
28 29 92
98 118
249 287
268 300
87 225
221 225
91 115
163 220
182 233
61 114 116 117
154 171
31 132 221
149 152 323
18 246
87 246 247
86 121
61 64
290 301
77 193
7 70
17 300
51 53 63
137 301
172 258
72 320
72 73 188
125 183
37 70
181 192 309
281 322
93 271
220 312
252 264
9 205 265
81 153
144 272 301
245 261
113 216 306
58 77 277
71 81
48 97
9 142
41 94
133 205 269
123 135 284
18 46
138 148
37 94 108
60 228
145 272
200 208
203 213
222 226
242 326
25 99
217 269
103 167
33 61 232
207 224
11 285
98 173
122 301
205 272
107 114
105 226
98 184 320
114 130
205 285
246 286
107 127
167 178
108 178 206
235 312
147 199
58 127
107 248
123 192
174 194
150 305 313
72 146
28 76
92 101 107
82 312
18 112 113
60 149
65 264
51 100
136 142 172
62 195
136 144
287 313
180 187
206 324
30 98
22 71 167
35 213
169 213
134 192
34 254
74 75 151
199 321
266 267
269 272
77 78 221
20 211
199 213
41 76 107
71 149
136 278
175 206
120 270
55 60
113 197 216
11 219
20 224
166 278
94 101 107
73 171
212 229 243
2 22 155
228 230
272 273
186 233
15 122
91 117
101 210 221
9 144 285
3 4
77 182
75 109
94 122
121 225
176 179 209
162 177 188
68 69
73 184
133 235
209 230
57 77 78
126 195
112 297
290 303
101 138
147 254
12 295
223 249
106 134 197
49 69
1 321
72 201
89 141
105 226 229
145 269 285
63 125
49 190
142 145 166 305
87 135 286
9 10
144 145 166 276 285
93 152
178 196
259 306
252 266
133 205 258
73 160 196
172 273
37 85
145 166 276 285
27 40
178 209
122 277
39 279
273 301 303
9 144
82 122 284
56 124 135
15 43
118 171
30 58
57 161
203 215
78 220
207 254 296
85 115
30 179
236 284
61 65 115
15 56
3 32 107
59 99
36 115
72 155 167
11 287
122 163 192
145 287
39 40 93
265 288
77 237
22 72
107 116
18 20 150
258 285
60 171 180 184
216 288
18 303
42 108
61 121
181 186
219 243 259
79 175
82 127 186
98 126 317
174 183
177 188
237 239
135 191
29 64 65
232 245
42 121
135 312
202 258
112 113 228
86 312
47 91
79 309
280 299
198 236 241
56 135 245
104 276 293
218 323
144 145
56 261
83 135
51 73 196
203 207 208
129 143
60 272
13 197
205 258 288
150 202
34 256
231 275
49 187 196
13 89
76 108
29 33
106 216
145 166 268 269 276
18 103
9 112 228
136 280
50 213
17 36
8 61 94
127 167
122 237
84 139 198
166 280
45 219
85 91 101
11 113
41 91 107
76 92 107
24 52
216 222
161 286
31 176
256 294
58 127 302
126 184
24 173
101 127
161 178
4 8 108
163 224
61 97 108
26 74
4 38 108
70 117
3 127
214 310
79 122
82 127
43 186 277
133 217 281
126 318
74 128
33 127
179 181
158 243
177 256
136 141 287
42 297
80 323
281 313
134 219 243
20 230 243
125 187
130 302
245 252
56 87
9 12
141 172 305
104 249
178 198
180 187 231
199 257
9 133
269 272 273
41 85
175 239 261
144 272 305
138 139
36 91
8 29
28 32 86
34 203
273 301 305
6 104
4 31
85 101 107
90 219
17 91
22 169
285 292 301
122 163 181
11 276
44 224
5 89 106
161 220
46 89 249
61 114 117
55 238
3 48
52 169
77 84 163
4 8 42
203 215 234
22 152 323
191 220
228 287
33 48
98 177
103 292
115 117
114 121
17 225
140 295
198 236
258 287
65 121
133 292
191 233
33 61
21 22 27 323
281 287 305
7 8
265 303
131 279 318
280 288
239 250
101 316
67 180
213 234
232 247
72 73 126
148 253
74 75
136 272 273
134 219 298
92 108 114
70 77
165 314
35 204
56 135 247
75 149 152
14 266
5 217
49 260
72 184 320
67 314
102 271
60 274
261 264
82 163 186 277
62 320
152 213
4 86
9 133 276
36 38
8 205
250 263
28 32 61 130
258 292 305
268 280
106 218
261 277
71 153
31 176 182 209
28 29 85
263 323
18 226
215 282
27 231
30 236
38 97
24 162
29 277
25 152 167
25 279
219 293
133 226
86 114
31 178
256 296
141 142 281
135 247 312
13 18 20
249 293
142 167
207 296
100 170
33 116
184 285
82 237
163 186 302
49 60
73 188
52 250
13 18 262
18 72 87
126 188 317
58 186
116 127
134 212 229
126 320
142 287 305
51 146
49 302
49 73
141 305
105 133 298
218 259
171 184
61 312
9 122
16 17
72 326
125 189
9 243
104 251
53 205
27 152
245 267
69 270
99 149
145 265
194 196 274
47 80 111 237
23 275
157 275
25 321
159 321
35 147 244 285
110 284
99 162
28 29 32
205 265
75 155
258 276
32 33 115
133 281
152 294
36 181 220
105 219
11 291
167 279
82 171
64 302
12 112
265 292
14 15 135
38 286
167 171
26 131
211 298
174 187
265 305
53 126
9 11 205
176 233
19 249
299 303
51 201
1 2 22
57 78 79
88 241
63 184
136 137
287 306
83 247
157 196
19 262
151 152
73 188 196
40 321
139 263
58 84 220
9 133 265
9 10 316
134 306
136 150
71 128 167
172 205 299
118 217
205 258 292
273 276
78 266
52 67 271
173 274
71 263
38 86
20 217
52 62 67 231
305 322
57 220
24 43
43 56
84 94
18 228
64 115
66 161
82 105
147 234
158 162 168
77 175
127 292
75 102
94 115
200 282
73 177
11 235 313
86 116
75 223
72 81 169
33 226
126 188
98 126
170 231
293 301
72 73
58 175
49 62
54 177
100 293
31 193
72 194
83 127 163 186
77 309
107 188
33 64 65
184 189 196
37 65
65 312
266 302
142 287 307
49 75
141 307
53 194
37 186
140 145 166
41 76
90 197
6 112 216 217
78 79
49 317
123 266
20 259
88 176 239
83 124 175
6 216
23 156
215 326
55 108
27 275
30 57 175
136 280 299 303
159 202
71 318
147 159 285
203 208
196 205
22 52
27 167
85 108
236 277
235 281
6 229
251 262
110 286
270 275
36 108
108 213
11 280
145 280
219 229
43 232
52 67 231
17 64 121
265 281
4 85 108
108 191 302
258 278
216 281
73 232
18 296
77 122
43 245
205 280
184 199 202
158 168
72 128
77 243
223 297
17 61 65
214 248
46 112
258 291
77 107 127
142 281 305
73 98 171
73 75 187
63 173
82 186
22 27 72 155
60 62 125
4 47 108
223 310
9 58
88 122
299 305
169 195
93 321
236 241 264 312
6 112 298
83 249
50 72
280 305
239 267
17 32 33
71 131
194 201
111 236 277
31 176 178
113 249
60 157
151 275
42 97 101
150 316
2 152
8 92 97
9 313
242 255
28 29 76
136 273
26 80 128
87 88
7 28 85
17 29
36 42
55 284
113 262
85 163
131 279
101 107
166 273
136 144 202
107 108 177
63 98 189
8 101
15 225
18 230
64 117
3 107
256 287
94 225
83 175 302
126 177
57 84 221
28 29 76 85 92
188 274
207 287
98 174 177
33 107
52 120
115 176
216 228
18 243
49 73 170
77 298
135 239
209 225
166 269 292
293 303
5 216 259
72 75
9 287 305
53 109 242
223 244
82 241
142 292
174 244
53 183
278 301
50 59 73
14 15 135 312
49 185
85 115 130
248 250
218 263
171 188
23 24
262 306
148 204
60 320
16 17 76
172 268
16 17 70 127
16 29 86
159 191
81 271
48 94
132 209
30 161
84 138
6 218
23 158
105 197
143 223
11 269
145 269
29 94
152 164
27 74 149
138 266
82 186 277
200 326
11 161
203 215 227
45 159
28 32 85 115
87 277
63 75 125
205 269
36 231
154 223
268 276 299
133 285
12 224
162 168
107 232
98 183
183 227
114 127
48 94 115
135 186
181 302
280 281
59 60 195
257 297
61 129
88 232
146 173
5 197
58 245
56 135
28 302
9 60
299 307
197 259
77 78 84
135 239 277
88 245
93 323
37 70 83
16 76
136 141
44 259
81 326
17 18
294 326
250 256
38 77
305 313
218 219 259
45 93
138 321
17 31
215 275
22 109
21 22 109
85 286
142 268
216 217
196 275
83 163 186
61 171
41 91 115
59 195 317
142 281
216 230
276 281
278 290
28 115
107 179
65 182
82 122
147 251
72 73 174
58 179
141 172 287
60 80
30 58 82 193
51 260
183 187
185 196
56 82
60 201
35 144
92 107 179
144 316
176 178 209
73 118 196
213 308
125 195
16 61 121
9 249
36 86
113 306
71 80
152 153
77 161 163
196 317
22 164
8 37
200 207
184 199
53 75 275
2 222
98 159
87 266
205 258
258 269
147 172
105 212
136 144 272
265 285
58 221
140 290
65 116
235 298
18 300
31 239
219 224 243
114 129
45 295
177 185
56 124
72 253
295 298
107 247
74 299
19 134
225 239
124 186 277
63 177
16 65
227 248
287 299
123 312
2 22
62 73
213 242
9 133 258
140 265 290
60 148
144 145 166
57 79
117 130
76 92
32 207
75 155 167
34 253
203 207 326
7 28 76
231 272
11 205
249 262
144 269 299
8 92
3 32 38
64 108
38 94 108
268 288
101 111
45 216
119 165
36 167
126 170 188
31 132 209
73 170
107 108 302
110 237
49 59 118
77 181
30 77 138
77 302
28 117
104 112
56 135 284
178 182
82 245
53 187
272 285 301
144 305
7 94 122
70 127
278 305
28 130
192 238
51 262
211 251
178 303
35 254
95 305
22 155 323
48 85
60 73 184
59 72
226 249
4 48 85
27 39
13 226 259
111 245 277
133 142
152 155
4 28
66 88
66 92 108
83 127 186
6 222
207 212
145 166 202
203 214
229 295 298
263 265
122 289
59 126 177
13 78 108
31 107
66 101
112 217
115 117 130
133 276
64 176
17 101
53 54 231
61 107
80 120
98 174
184 214
107 170 188
265 287
17 222
47 64
179 220
170 171
216 287
51 75
21 169
73 170 188
28 64
53 242
9 172
83 121
93 314
51 317
32 75
211 306
49 244
58 77 127 163
62 183
172 314
37 126
264 317
27 81
62 75
34 242
20 78
12 222 249
171 247
215 253
148 263
104 268 293
117 132
227 263
52 62 67
258 269 305
27 323
32 61 130
62 317
55 277
258 299 305
5 217 222
91 92
108 261
8 94
94 97
2 279
87 94
43 135 312
126 170
186 221
31 178 206
84 210
163 210
31 175
36 290
153 167 202
112 285
126 183
79 108
42 121 130
147 242
293 296
232 286
156 183
100 288
218 243
20 218 219
281 299
148 184
32 130
53 189
84 108 176
116 245
296 297
4 32 130
9 240
229 243
45 90 134
49 312
123 261
22 71 102
144 145 166 281
4 17
102 323
11 141
8 28
90 326
164 275
59 195
138 259
41 48 101
17 198
41 92 107
25 318
159 318
222 226 262
188 201
58 161 220
191 206
80 109
71 326
33 61 114
265 276
75 152
52 168
172 258 265 288
57 84 161
207 227
142 172 273
17 42 47
77 132 179
47 66
155 279
7 115
213 296 326
150 217 298
88 225
60 126
46 228
112 113 216
223 254 296
172 303
18 19 20
35 147 326
280 287
299 300
82 302
49 125
108 178 209
60 171 184
83 123
88 238
22 102 167
287 303
226 293
229 298
76 204
194 196
212 250
231 263
215 255
136 272 285
13 306
25 131
30 209
18 218 219
134 303
144 235 292
194 317
41 76 97
72 260 314
187 314
99 201
131 153
136 268
4 85
36 37
25 152 153
166 268
18 104
4 206
119 156
100 189 195
242 263
80 164
304 323
175 209
76 85 92
168 169
101 115
207 282
178 206 209
145 166 272
141 144 205
244 285
22 27 318
73 174
26 74 75
177 231
47 121
23 75 275
108 239 261
30 186 193
255 272
293 298
145 166 285
285 299
49 59
8 48 115
26 75
56 82 277
29 64 121
281 301
47 48 97
141 172 265 301
87 123 266
49 180
185 189
202 205 258 265
107 306
60 194
178 186
48 76
301 305 322
272 285 305
171 183
152 167 169
148 199
132 191
13 259 306
2 81
125 188
55 92
266 312
145 251
57 138
55 88 286
80 81 128
39 269
4 248
83 312
27 151
236 261
166 202
17 79
272 305
7 37 76
166 323
78 210
152 159
279 321
105 205
251 259
80 111
84 267
161 221
205 264
265 278
2 22 321
205 303 305
32 33 114
133 280
32 33 64 115
12 219
202 235
4 47 92
265 291
75 167
74 171
93 184
51 187
13 78 107 108
253 294
146 168
225 232
192 284
63 170
32 85 115
287 292
72 138
12 229 243
61 115 130
70 186
116 302
9 176
234 294
90 249
169 313
287 305
226 295
9 265 299
132 138
58 206 209
71 128
164 319
81 321
215 257
87 264 286
217 303
38 72
208 254
270 314
8 85
159 254
57 206
131 155
263 311
19 89 134 249
100 145
119 158
94 101
140 217
94 103 108
163 186 277
214 287
101 117
31 58
58 161
89 228
84 132 161
173 260 314
79 220
244 287
82 225
95 164
31 179
278 285
149 171
281 290
107 174
203 207 215 326
267 284
5 18
123 239
202 303
141 293
262 290
60 75
202 205 291
198 236 286
255 287
72 314
55 87 225
47 71 167
60 196
46 298
238 239
6 89 218
117 178
29 65
187 189 196
262 303
16 61 116
28 32 76
13 134
25 188
9 126 316
291 307
69 95 158
48 91
240 261
32 161 191
27 153
82 163 277
85 94
112 197
25 152 318
15 264
11 122 235
75 102 109
36 94
22 159
272 307
21 22 159
84 256
59 126 170
87 261
161 210
3 38
235 280
279 323
77 108
161 223
89 172 281
57 58 220
3 4 94
5 89 230
235 293
128 167
30 83 122
84 220 221
31 175 209
114 124
4 47 94
177 180
30 58 186
47 70
239 240
77 107 126
63 280
197 243
109 167
155 283
241 286
39 71
6 134 218
234 283
13 55
207 255 256
211 222 249
9 265 288
14 135
174 184 188
27 74
9 178
148 256
78 79 192
104 186
26 155 167
9 11 235 316
78 101 210
126 185 317
89 142 172 268
75 102 151
138 184
9 299
21 102 167 323
55 246 286
87 247 264
78 79 84
49 118 196
205 258 280
222 262
81 323
32 115 130
143 154
22 93
217 305
2 151
208 256
105 249
20 226 249
96 200
203 208 263
133 299 303
20 104 259
282 326
18 216
45 90
188 260
105 262
107 108 176
142 265
18 229
22 73 196
9 11 235
79 101
217 281 298
84 161 191
147 244 251
58 163
89 230
77 176
21 71 81 128
181 233
82 227
49 50
202 292
177 188 317
278 287
42 47
281 292
31 302
60 185
104 228
16 115
49 63
202 305
7 66
72 195
144 300
218 249
70 122
61 302
192 233
49 184
35 249
134 228
53 303
37 66
148 311
5 262
99 126
37 70 135
127 163 186 302
26 321
60 180 184
139 198
144 313
5 106 197
173 196
118 260
229 249
64 114 121
108 188
113 303
173 317
67 68 231
59 188
41 42 92 107
152 271
133 258
45 145
80 102
11 268
84 258
189 274
101 161
142 199
73 99
133 150
12 89
29 86 115
214 223
184 317
268 276 285
42 47 108
94 279
15 56 135 266
205 268
158 164 270
11 36 38
140 287
141 202 205
32 33 61 114
7 108
28 86 101
142 281 293
75 279
7 66 97
25 153 167
138 139 161
17 121 225
146 159
79 169
272 288 299
158 169
88 110
14 124
82 122 186
109 169
14 245
91 92 101
70 127 175
81 191
37 121
264 312
9 288
50 60
53 250
9 235 303
4 65
212 243
215 248
127 135
136 172 276
78 135
27 318
8 76
145 310
219 259
145 202
21 22 95
122 218
249 259
194 323
268 272
124 264
163 192
145 323
131 159
133 205
119 270
205 310
96 323
8 210
230 259
163 205
149 270
43 56 135
93 109
24 275
6 138 139
202 281
85 86 101
205 323
135 225 286
167 216
211 222
54 275
107 286
74 109
142 280
8 48 108
26 68
72 184
176 178 182
28 114
64 65 114
98 99 125
49 173
53 63
39 128
88 286
104 230
6 105 217
16 117
89 113 134
41 66
197 313
16 238
136 303
62 125
134 230
16 17 64
245 246
17 18 262
104 243
2 195
141 273 287
136 316
134 243
229 251
36 85
55 98
164 270
20 262
84 139
18 44
272 311
101 163
188 317
5 13 226
77 220
47 48
9 303 316
258 268
276 322
86 161
107 177 188
51 59
128 279
114 115
75 160
28 48
65 115
51 180
82 284
213 215
172 177
25 102 167
177 292
150 217 293
218 293
162 169
51 72
109 279
214 263 296
175 261 302
53 118
28 61
5 306
104 285
102 131
85 101 130
150 293
16 64
126 177 188
138 175
229 293
8 65
118 196
104 298
11 70
30 83
90 134
2 21
22 51 173
49 125 180 187
55 261
75 151 155
187 188
76 91
134 298
200 248
134 150 259
175 191
74 75 149
17 138 139
64 94
50 196
203 204 256
28 41 76
99 317
175 312
124 266
75 81
60 184 201
131 199 227
108 176 178 206
11 235 292
78 271
108 114 127
91 210
237 264
149 151
30 84 191
24 156
119 164
204 208
75 323
225 267
8 48 97
176 209 302
72 173
28 29 41 76
89 113
52 231
56 57
47 237
267 277
32 114
172 287 305
49 72 177
144 291
281 296
64 65 116
31 209 266
53 65
148 302
82 122 135
178 181
178 179 181
269 299
60 62 183
22 153 155
9 202 291
35 244 285
132 186
113 167 216
35 253
205 258 265 288 303
83 186
248 253
55 87
20 251
166 305
37 191
243 259
143 321
71 81 102
58 127 206
2 318
217 243
103 141
78 84
135 236 277
142 293 305
184 187
291 293 299
152 154
265 268 276
66 316
140 265
111 237 277
161 324
41 85 101
77 101
147 244 297
87 267
71 72 80 81
191 324
58 209
75 149
35 147 297
214 227
141 205 265
21 155
12 106
217 290 298
65 117
71 80 81
51 303
32 61
18 45 262
118 185
197 249
26 39 93
6 217 222
49 171 187
16 66
172 313
134 218 298
226 290
9 292
145 287 291
229 295
64 83
108 126
25 128
217 298
103 196
59 126
226 303
164 327
175 193
221 309
205 301
105 134
107 108 126 177
131 271
103 209
147 215
17 138 262
182 209
101 220
95 158 187
59 260
218 219 262
31 161
149 153
68 164
142 150
1 174
112 113 134
177 188 189
51 159 314
184 268
156 169
202 285
49 54 180 231
100 274
25 102 103
278 280
293 303 305
281 285
211 226
49 164
21 102
144 172
82 83 127 163 186
5 13
13 103
32 116
208 215 256
16 108
72 188
144 293
281 298
19 298
60 70
22 72 155
82 122 245
73 160 170
9 226
83 175
5 255
35 134
92 116
262 298
173 189
78 79 132
35 255
172 272 281
6 197
9 239
36 76
4 92 116
185 320
4 16
112 192
203 310
84 130
47 80 237
247 264 266
85 210
184 189
43 213
214 282 311
18 156
195 203
60 126 317
55 111 135
38 256
216 262
141 258 265
251 256
196 320
22 167
5 12 113
142 205
31 108
75 151
140 280
93 168
198 221
142 326
49 98
109 149
158 270
176 324
82 167
158 162
135 186 245
63 275
51 184
202 268 276
158 283
232 236 312
22 102 153
35 297
37 114
56 127
64 115 176 302
178 238
3 42 47
197 251
171 235
83 122
113 230
41 42 85
35 310
138 179
81 103 131
11 74
145 303
175 182
194 195
139 259
31 178 182 209
212 249
50 187
90 259
149 152 167
18 90
251 298
203 257
36 265
57 324
170 201
82 88
29 76 91
145 166 258
108 262
73 160
42 47 48
205 316
76 85 91
149 155
47 107
77 107 163
88 266
74 102
183 274
202 287
7 48
72 177
14 124 127 135
28 107
281 287
150 280 287
65 174
141 172 265 287
271 279
150 218
56 61
60 180
51 131
173 196 260 314
93 249
60 72
137 292
35 244
81 131
273 301
125 174
6 112 226
9 228
73 170 171 188
60 193
49 60 184
49 63 189
150 207 293
41 48 76
131 194
87 124
18 24
64 114 116
113 298
228 248
108 126 170
122 266
124 312
172 202 281
11 142
85 91
18 20 113
43 94
106 150
188 189
59 304
215 322
127 209
27 271
72 81 194
170 177 317
126 213
28 76 92
79 138
13 226 262
59 196
51 52 119 159
124 325
17 199
140 269
112 207
21 25
188 202
210 220
61 97
10 280
271 321
147 285
163 266
179 210
65 108
51 173
82 277
170 188 317
49 100
109 151
128 164
12 218
29 111 237
75 274
31 182 209
29 36 61 114
146 154
10 293
255 326
21 159
32 85 101
162 283
146 275
127 163 186
41 114
49 60 118
32 65
287 291
9 281 293
1 74 152
220 237
28 32 115
118 189
254 256 294
105 112
166 273 301
34 35 263
199 207 256
41 76 85
83 245
145 305
38 179
263 297
106 313
138 302
215 256
256 257
8 61 70
112 249
186 198
217 302
12 18
55 56 135
103 321
174 201
135 245 277
22 103
227 294 326
40 93
108 264
52 103
202 276
40 214
21 153 155
86 101
6 222 249
126 173
21 93
81 107
158 327
3 7 42 47
265 288 303
148 174
41 48
137 281
78 161 179
285 300
80 81 103
141 292
199 233
92 107
132 179
95 149 158
57 163 176
4 115
144 272 281
84 135 161
215 298
148 308
25 174
4 108 115
57 175 186
269 305
4 7
41 303
29 64 86 121
20 104 298
141 287 301
215 311
113 197 249
173 314
57 139
11 144
14 87 225 266
71 102 167
78 84 163
22 158
61 86
140 150
186 266
187 195 201
52 158
24 96
65 97
82 266
128 153
21 27
75 263
135 277
42 86
33 37
141 172 202
145 269 305
271 323
68 223
147 287
246 266
126 170 177 188
53 100
136 258 280 299
82 245 277
269 288 299
149 158 270
83 100
102 113
162 164
46 218
165 169
103 232 312
51 67
58 77 178
89 134 230
49 223
172 293
2 3
78 79 178
89 134 243
122 189
134 218 219 243
55 135
60 184 196 201
104 293
219 243
32 115 116
23 75
82 186 302
214 250 311
44 134
226 229 293
103 189
134 293
77 163 245
133 281 299
49 118 195
203 248
126 177 317
175 186
120 250
221 302
10 276 281
36 256
141 172 205 265
202 285 300
189 205
268 269
1 154
98 99 126 174
77 107 127 163
12 20
14 15 43
63 98 174
242 253
81 102 152
84 132 161 191
265 321
72 213 326
217 219 224
186 213
49 170 196
68 157
57 84 206
291 301 305
89 216
75 318
74 93
170 326
147 257 297
138 139 321
156 283
21 95
61 64 114
103 288 299
60 171
5 6
59 60 125
202 291
141 281
11 133 265
218 235
135 237
61 94 114
150 222
273 292
148 297
161 191 210
272 273 285
14 135 312
48 66
134 218 219 298
8 66 108
132 181
13 230
150 235
2 71
16 17 61
7 42 47
77 163 179
36 38 121
38 115
208 297
106 249
83 302
22 26
159 297
11 133
170 177 187
71 184
17 117 130
136 313
6 203
77 163 192
230 298
7 37 66
161 198
29 86 101
184 202 205
75 131
22 39
21 22 39
15 135 247
235 268
31 209
191 198
166 268 269
5 12 106
73 177 196
265 268
24 327
258 265
128 155
8 76 101
155 271
70 163
18 112 218 219
32 56
37 107
97 121
5 303
51 190
218 303
56 241
231 242
9 166
28 179
215 234
28 41 47
150 290
62 177
226 285
69 72
27 75
22 40 71 167
29 121
22 81
29 61 86
136 137 281
71 149 323
9 112 316
84 178
15 78
178 181 182
207 248
124 245 277
28 115 130
163 178
182 191
43 261
28 48 76
9 142 316
170 194
100 170 174
58 138
11 322
93 95
7 8 76
130 135
223 326
142 145
73 274
45 212
232 267
41 101 108
89 218
181 221
225 264
109 318
202 280
114 167
7 41
259 262
137 272
136 280 305
155 326
234 326
60 173
165 226
104 216
21 22 49 128
144 288
51 245
58 77 127
169 237
6 112 219
176 178 302
159 165
16 116
76 130
37 175
11 122
178 299
71 173
131 187
141 287 292
254 294
77 163 181
56 309
185 194
14 312
178 179 191
250 296
38 117
17 29 127
47 80 111
107 108 206
141 265 287
131 200
299 301 305
141 287 305
161 179 191
11 287 292
60 98 173
142 300 305
22 149
38 130
131 321
55 72 246
54 74
17 192
3 28
100 126 170 174
302 324
58 77 163 245
161 321
1 103
80 103
14 124 127
126 219
170 188 189
41 61 91
183 201
87 264
31 103
58 206
93 163
25 40 93
65 101
172 205 265 299
87 246 286
58 98
19 106
104 150
28 47
38 121 130
141 144 265
123 284
90 197 287
213 214
142 178 287
41 107
146 160
138 161
83 225
178 233
238 284
184 244 297
139 241
218 305
150 292
122 193
18 72
28 32 121
118 195
159 233
145 298
30 82
245 261 277
9 142 305
106 306
4 66
38 64
189 196
41 76 91
60 184 187
263 303
223 248 326
22 73 173
18 113 217
170 196
49 170 187
17 139
163 193
223 234 256
170 317
1 279
202 269
86 94
80 279
93 218
13 18 229
5 105
5 226
33 115 116
141 272
218 226
51 196 314
15 56 266
62 100
285 293
104 218
76 91 92
51 247
47 92 97
150 226
122 127
37 56
60 188
25 167
13 113
58 132 186
71 75 152
166 291
78 178
25 288
25 59
31 206 209
258 265 288 303
272 280 305
16 17 65
254 296
111 247
18 19
4 121
108 178
57 132
15 135
13 229 249
78 191
31 79
91 130
72 188 194
140 251
110 264
173 320
141 272 305
302 326
179 192
216 259
5 19 113
60 98 188
177 267
142 202
77 221
55 87 246
9 23
74 152
46 90
197 222
49 95
42 92
107 221
46 211
51 52 95
104 152
4 42
12 89 106
184 187 196
146 162
13 47
71 72 81
67 283
172 299
127 163 302
23 176
138 163
34 227
16 47 107
90 243
6 249
17 115
8 66
99 184
32 61 115
175 179
1 26
50 184
17 55 92
214 255
186 193
6 262
18 87
100 126
12 13
251 295
163 182
11 313
24 252
98 201
203 254
244 255
73 144
205 300
126 155
33 85
137 142
142 257
8 48 85
11 235 293
7 32
205 313
17 262
149 152
28 91
47 76 129
236 241 286
81 102
5 228
11 133 258
132 161
49 163
273 285
28 225
107 174 188
47 238
60 177
76 121
141 287
20 226
144 292
232 241 264 312
34 282
4 32 115
187 231
25 169
15 124
20 239
50 118
69 131
30 139
106 134
36 38 127
80 81
73 171 196
38 121
291 301
122 263
100 126 177
78 193
41 66 76
59 98 173
147 148
80 94
140 145
272 301
21 22 153
202 205
40 143
203 215 326
31 94
35 148 244
77 210
22 274
35 147 285
93 154
12 202
15 123 135
51 52 95 270
58 210
9 25
28 38
74 275
108 178 302
213 326
49 100 174
97 114
74 167
212 222
215 227
25 103
30 181
35 296
236 286
122 184
97 127
36 117
27 68
99 173
57 176
29 114
48 127
218 219 224
108 114
22 74
113 229
27 189
85 130
164 194
6 251
17 117
18 222 259
133 235 299
4 85 130
108 127
31 176 178 182
66 130
167 182
117 121 130
175 176 193
127 186 277
26 75 151
170 187
175 302
133 305
207 254
105 243
3 195
75 151 279
134 218 243 298
43 267
103 318
21 27 323
178 206 302
91 200
89 90
82 87
73 267
89 211
168 275
82 110 245 261
142 172 313
137 144
134 216 306
119 275
265 291 292
165 327
46 147
141 172 265
269 276
144 281
278 281
201 263
137 278
273 287
83 163
13 104
90 287
122 239
48 61
138 139 220 221
139 179
181 233 287
25 103 167
3 42 101
55 135 225
229 230
28 41 108
41 179
144 145 166 268
138 233
103 178 209
84 118
110 236 264
17 138 184
138 161 198
11 249
272 290
291 303
103 252
268 319
161 193
54 67
73 80
100 183
98 258
10 145
142 301
73 201
9 136 303
45 139
22 155
272 303
21 22 155
183 194
86 261
140 268
14 124 135 175
65 94
217 226 290
82 263
100 317
26 102
88 199
60 100
32 38
49 207
128 271
65 108 114
26 223
21 128 271
179 209
123 277
12 217
60 113
32 51
58 77 175
109 271
150 272
296 326
172 290
125 215
9 269
11 205 258 303
21 279
58 84 191
24 162 283
122 186
4 8 48 115
97 129
64 115 116
3 48 92
145 291
28 92 101
45 60
215 242
108 116
13 293
149 152 155
277 302
29 237
43 135
32 107 114
99 188
57 191
263 296
22 27 279
202 292 300
23 314
3 76
55 266
31 178 182
84 186
170 189
26 75 153
77 84 191
163 186
209 302
80 81 103 131
140 202
14 124 175
83 114 116
101 210
147 326
136 144 305
114 149
105 229 249
79 84
100 107 126
141 144
12 259
292 313
311 326
167 318
156 159
288 315
35 244 251
89 105
22 155 167
229 243 249
95 270
155 321
204 213
89 226
74 103
60 168
51 119
8 92 108
177 187 317
13 214
14 56 124
137 280
59 118 184
134 211
4 101
13 106
9 228 299
269 291
227 294
23 235
97 184
138 222
83 286
14 186
217 222
134 224
144 272 280
3 76 101
59 177 188
18 259 262
161 182
78 184
38 233
71 75 279
215 310
228 249
57 77 84
112 303
291 305
87 246
106 259
145 166 268 276
59 184
45 249
127 318
75 128
100 126 173 174
82 252
156 201
142 303
276 303
31 206
2 75 279
61 85
167 252
112 316
10 268
72 73 196
89 268
176 193
179 198
5 45
142 316
115 117 121
128 152
148 215
10 281
100 174 184
95 96
144 273 305
112 217 249
25 153 271
28 42
4 8 42 47
5 287
301 322
34 207
56 225
172 292
70 281
185 231
157 169
248 287
2 27 318
44 228
118 177
150 166
212 226
243 293
132 233
85 121
145 172
150 287
6 13
37 70 186
203 234
21 27 72
115 121
20 298
6 134
133 175
64 75
91 178
292 301 305
145 272 281
136 137 278
217 290
84 175
59 118
124 247
210 250
17 121
163 175
77 135
108 239
33 65
31 132 176
177 194
107 135
287 292 301
12 19
210 263
63 98 173
42 127
314 320
80 153
105 134 243
88 135
135 186 277
17 184 198
15 135 312
68 156
81 95
232 264
9 11 112
225 261
47 111 237
203 254 326
67 89
72 167
199 208
58 206 209 302
9 84
25 271 318
151 167
211 218
53 275
273 278
37 38
285 288
36 92 101
9 112 113
76 114
120 157
36 55
148 296
60 183
13 108
28 41 76 85
227 296
92 108
13 229
30 132
131 184
89 216 228
136 299
64 130
124 181
127 206 302
55 56 286
272 281
57 127
208 296
78 186
21 22 25
112 305
293 316
126 174 194
45 251
100 187
223 257
147 297 326
142 305
276 305
109 128
77 324
5 12 105
47 48 115
19 90
149 321
111 135 236
82 267
10 11 292
41 91
95 327
77 78 163
81 163
172 281
157 158
55 246 247
19 224
31 239 302
104 268
197 230
90 104
12 13 106
48 107
20 45
4 37
57 127 175
110 225 239
150 276
57 78 175
111 284
9 273
60 168 214
104 112 134
98 170 177
222 236
243 295
245 261 267 277
145 174
15 43 228
28 115 116
107 259 306
44 243
52 67
112 216 217
73 126
17 231
30 84 161
175 176 186
49 170 171
4 42 47 85
82 188
57 84 302
288 293
218 219 243
214 263
52 201
167 188
98 317
215 223 310
74 81
86 91
265 322
77 271
29 64 86
28 86
51 173 314
10 217
282 310 311
122 218 219
67 199
22 81 128
232 266
89 217
75 319
14 43
93 107
60 159
63 201
273 285 301
5 104 112
69 158 164
21 155 167
51 231
49 158
8 42 47 91
273 280
61 64 115
136 272 305
99 100
2 167
185 288
13 218
207 234 296
122 124
6 178
22 103 153 167
31 176 206
247 277
206 239
31 77 163
76 129
122 245
166 288
91 114
136 301
298 299
138 161 191
55 312
173 304
38 116
87 237
166 301
70 114 127
17 178
145 166 292
242 296
33 122
170 177 188
18 20 105
21 22 27 155
18 258
78 309
77 84
149 189
82 135
54 73
100 189
72 90
145 166 305
49 126 317
93 149
5 36
112 216 298
207 214 326
88 108 176 178
42 76
93 270
10 272
37 56 70 135
81 152
72 103
149 323
197 219
104 149
150 265
138 220 221
264 286
22 164 194 304
44 219
71 93
69 168
14 232
5 18 113
30 176
111 286
245 286
136 235
77 108 178
212 230
64 66
36 233
66 112
1 131
124 238
228 295
145 297
115 125
5 112 259
78 243
17 36 76
71 81 153
72 99 174
65 264 312
163 179
140 202 288
205 297
300 305
141 205 303
170 195
104 105 243
225 252
202 268
26 271
141 258
9 75
67 201
72 279
31 176 182
139 161
83 266
102 279
321 323
44 45
56 284
4 94
59 171 188
247 266
80 81 102 103
47 107 111 237
194 231
55 72
122 232 236
150 172 293
90 295
161 175
105 280
91 116
101 210 220
217 228
222 306
73 183
207 249 296
126 194
186 245
59 177
223 248
121 237
112 134 218
54 180 187
65 76
161 309
235 258
49 50 203
130 178
75 242
159 202 205
183 189
100 107 174
54 75
188 304
55 87 232
176 186
195 199
179 191
21 22 271
142 287 313
72 213
6 216 222
148 208
234 248
52 271
32 33
108 178 286
100 174 177
74 151
155 261
164 165
2 103
134 259
172 285
97 111
118 170
241 277
23 283
89 112 217
85 114
136 142 144
150 280
59 98
18 60
9 277
36 114
96 165
118 183
166 258 280
12 89 197 243
78 232
17 36 65
22 71
113 226
66 114
112 230
145 268 276
36 127
145 299
57 186
184 227
13 226 298
95 158 159
1 25
177 187
237 238
37 41 70
32 117 130
140 305
186 192
235 313
58 82 193
147 200
40 74
207 251
100 125
144 269 285
84 302
174 195
205 299
67 69
77 262
63 71
8 37 70
49 50 271
61 146
25 26 93
95 144
100 126 174 177
87 232 286
88 122 239
72 80 152
35 214
213 257
171 260
5 227
